.word 0, 1, 2, 0
.word 0, 2, 3, 0
.word 4, 0, 3, 0
.word 0, 5, 6, 0
.word 0, 6, 1, 0
.word 4, 5, 0, 0
.word 3, 2, 7, 0
.word 3, 7, 8, 0
.word 4, 3, 9, 0
.word 9, 3, 8, 0
.word 10, 4, 9, 0
.word 10, 11, 4, 0
.word 4, 11, 5, 0
.word 10, 9, 12, 0
.word 9, 8, 13, 0
.word 12, 9, 13, 0
.word 8, 7, 14, 0
.word 8, 14, 15, 0
.word 13, 8, 15, 0
.word 16, 13, 17, 0
.word 13, 15, 17, 0
.word 12, 13, 16, 0
.word 18, 10, 12, 0
.word 18, 12, 19, 0
.word 19, 12, 16, 0
.word 20, 16, 21, 0
.word 19, 16, 20, 0
.word 16, 17, 21, 0
.word 17, 15, 22, 0
.word 17, 22, 23, 0
.word 21, 17, 23, 0
.word 20, 21, 24, 0
.word 24, 21, 25, 0
.word 21, 23, 25, 0
.word 26, 20, 24, 0
.word 27, 19, 20, 0
.word 27, 20, 26, 0
.word 26, 24, 28, 0
.word 24, 25, 29, 0
.word 28, 24, 29, 0
.word 29, 25, 30, 0
.word 25, 23, 31, 0
.word 25, 31, 30, 0
.word 32, 29, 33, 0
.word 29, 30, 33, 0
.word 28, 29, 32, 0
.word 34, 26, 28, 0
.word 34, 28, 35, 0
.word 35, 28, 32, 0
.word 32, 33, 36, 0
.word 35, 32, 37, 0
.word 37, 32, 36, 0
.word 33, 30, 38, 0
.word 33, 38, 39, 0
.word 36, 33, 39, 0
.word 36, 39, 40, 0
.word 37, 36, 41, 0
.word 41, 36, 40, 0
.word 42, 35, 37, 0
.word 42, 37, 43, 0
.word 43, 37, 41, 0
.word 43, 41, 44, 0
.word 41, 40, 45, 0
.word 44, 41, 45, 0
.word 40, 39, 46, 0
.word 40, 46, 47, 0
.word 45, 40, 47, 0
.word 48, 45, 49, 0
.word 45, 47, 49, 0
.word 44, 45, 48, 0
.word 50, 43, 44, 0
.word 50, 44, 51, 0
.word 51, 44, 48, 0
.word 52, 48, 53, 0
.word 51, 48, 52, 0
.word 48, 49, 53, 0
.word 49, 47, 54, 0
.word 49, 54, 55, 0
.word 53, 49, 55, 0
.word 52, 53, 56, 0
.word 56, 53, 57, 0
.word 53, 55, 57, 0
.word 58, 52, 56, 0
.word 59, 51, 52, 0
.word 59, 52, 58, 0
.word 58, 56, 60, 0
.word 56, 57, 61, 0
.word 60, 56, 61, 0
.word 62, 59, 58, 0
.word 62, 58, 63, 0
.word 63, 58, 60, 0
.word 64, 51, 59, 0
.word 65, 64, 59, 0
.word 65, 59, 62, 0
.word 66, 65, 62, 0
.word 66, 62, 67, 0
.word 67, 62, 63, 0
.word 67, 63, 68, 0
.word 68, 63, 69, 0
.word 63, 60, 69, 0
.word 66, 67, 70, 0
.word 67, 68, 71, 0
.word 67, 71, 70, 0
.word 72, 65, 66, 0
.word 66, 70, 73, 0
.word 72, 66, 73, 0
.word 70, 71, 74, 0
.word 70, 74, 75, 0
.word 73, 70, 75, 0
.word 68, 76, 71, 0
.word 71, 76, 77, 0
.word 71, 77, 74, 0
.word 75, 74, 78, 0
.word 74, 77, 79, 0
.word 74, 79, 78, 0
.word 73, 75, 80, 0
.word 80, 75, 81, 0
.word 75, 78, 81, 0
.word 81, 78, 82, 0
.word 78, 79, 83, 0
.word 78, 83, 82, 0
.word 77, 84, 79, 0
.word 79, 84, 85, 0
.word 79, 85, 83, 0
.word 82, 83, 86, 0
.word 83, 85, 87, 0
.word 83, 87, 86, 0
.word 82, 86, 88, 0
.word 89, 82, 88, 0
.word 81, 82, 89, 0
.word 86, 87, 90, 0
.word 86, 90, 91, 0
.word 88, 86, 91, 0
.word 88, 91, 92, 0
.word 89, 88, 93, 0
.word 93, 88, 92, 0
.word 94, 89, 93, 0
.word 95, 81, 89, 0
.word 95, 89, 94, 0
.word 94, 93, 96, 0
.word 93, 92, 97, 0
.word 96, 93, 97, 0
.word 98, 94, 96, 0
.word 99, 95, 94, 0
.word 99, 94, 98, 0
.word 80, 81, 95, 0
.word 100, 80, 95, 0
.word 100, 95, 99, 0
.word 101, 100, 99, 0
.word 101, 99, 102, 0
.word 102, 99, 98, 0
.word 103, 98, 104, 0
.word 98, 96, 104, 0
.word 102, 98, 103, 0
.word 105, 101, 102, 0
.word 105, 102, 106, 0
.word 106, 102, 103, 0
.word 107, 100, 101, 0
.word 107, 101, 105, 0
.word 108, 80, 100, 0
.word 107, 108, 100, 0
.word 108, 73, 80, 0
.word 109, 72, 108, 0
.word 109, 108, 107, 0
.word 72, 73, 108, 0
.word 109, 107, 110, 0
.word 107, 105, 110, 0
.word 110, 105, 111, 0
.word 111, 105, 106, 0
.word 109, 110, 112, 0
.word 110, 111, 113, 0
.word 112, 110, 113, 0
.word 113, 111, 114, 0
.word 111, 106, 115, 0
.word 114, 111, 115, 0
.word 112, 113, 116, 0
.word 116, 113, 117, 0
.word 113, 114, 117, 0
.word 118, 109, 112, 0
.word 118, 112, 119, 0
.word 119, 112, 116, 0
.word 119, 116, 120, 0
.word 116, 117, 121, 0
.word 120, 116, 121, 0
.word 117, 114, 122, 0
.word 117, 122, 123, 0
.word 121, 117, 123, 0
.word 121, 123, 124, 0
.word 120, 121, 125, 0
.word 125, 121, 124, 0
.word 126, 119, 120, 0
.word 126, 120, 127, 0
.word 127, 120, 125, 0
.word 127, 125, 128, 0
.word 125, 124, 129, 0
.word 128, 125, 129, 0
.word 129, 124, 130, 0
.word 124, 123, 131, 0
.word 124, 131, 130, 0
.word 128, 129, 132, 0
.word 132, 129, 133, 0
.word 129, 130, 133, 0
.word 127, 128, 134, 0
.word 128, 132, 135, 0
.word 128, 135, 134, 0
.word 132, 133, 136, 0
.word 132, 136, 137, 0
.word 132, 137, 135, 0
.word 134, 135, 138, 0
.word 135, 137, 139, 0
.word 135, 139, 138, 0
.word 127, 134, 140, 0
.word 134, 138, 141, 0
.word 140, 134, 141, 0
.word 141, 138, 142, 0
.word 138, 139, 143, 0
.word 138, 143, 142, 0
.word 144, 141, 145, 0
.word 141, 142, 145, 0
.word 140, 141, 144, 0
.word 126, 127, 140, 0
.word 126, 140, 146, 0
.word 146, 140, 144, 0
.word 146, 144, 147, 0
.word 147, 144, 148, 0
.word 144, 145, 148, 0
.word 145, 142, 149, 0
.word 145, 149, 150, 0
.word 148, 145, 150, 0
.word 147, 148, 151, 0
.word 151, 148, 152, 0
.word 148, 150, 152, 0
.word 153, 146, 147, 0
.word 153, 147, 154, 0
.word 154, 147, 151, 0
.word 154, 151, 155, 0
.word 151, 152, 156, 0
.word 155, 151, 156, 0
.word 152, 157, 158, 0
.word 152, 158, 156, 0
.word 150, 157, 152, 0
.word 155, 156, 159, 0
.word 156, 158, 160, 0
.word 156, 160, 159, 0
.word 154, 155, 161, 0
.word 155, 159, 162, 0
.word 155, 162, 161, 0
.word 159, 160, 163, 0
.word 159, 163, 162, 0
.word 158, 164, 160, 0
.word 160, 164, 165, 0
.word 160, 165, 163, 0
.word 157, 166, 158, 0
.word 158, 166, 164, 0
.word 164, 167, 168, 0
.word 164, 168, 165, 0
.word 166, 167, 164, 0
.word 165, 168, 169, 0
.word 165, 169, 170, 0
.word 163, 165, 170, 0
.word 163, 170, 171, 0
.word 162, 163, 171, 0
.word 170, 169, 172, 0
.word 170, 172, 173, 0
.word 171, 170, 173, 0
.word 168, 174, 169, 0
.word 169, 174, 175, 0
.word 169, 175, 172, 0
.word 167, 176, 168, 0
.word 168, 176, 174, 0
.word 176, 177, 174, 0
.word 174, 177, 178, 0
.word 174, 178, 175, 0
.word 172, 175, 179, 0
.word 175, 178, 180, 0
.word 175, 180, 179, 0
.word 177, 181, 178, 0
.word 178, 181, 182, 0
.word 178, 182, 180, 0
.word 183, 184, 177, 0
.word 176, 183, 177, 0
.word 177, 184, 181, 0
.word 184, 185, 181, 0
.word 181, 185, 186, 0
.word 181, 186, 182, 0
.word 182, 186, 187, 0
.word 182, 187, 188, 0
.word 180, 182, 188, 0
.word 185, 189, 186, 0
.word 186, 189, 190, 0
.word 186, 190, 187, 0
.word 184, 191, 185, 0
.word 191, 192, 185, 0
.word 185, 192, 189, 0
.word 191, 193, 192, 0
.word 194, 193, 191, 0
.word 195, 194, 191, 0
.word 195, 191, 184, 0
.word 194, 196, 193, 0
.word 197, 198, 194, 0
.word 197, 194, 195, 0
.word 198, 196, 194, 0
.word 199, 197, 195, 0
.word 199, 195, 183, 0
.word 183, 195, 184, 0
.word 200, 198, 197, 0
.word 201, 200, 197, 0
.word 201, 197, 199, 0
.word 198, 202, 196, 0
.word 203, 202, 198, 0
.word 200, 203, 198, 0
.word 204, 203, 200, 0
.word 205, 204, 200, 0
.word 205, 200, 201, 0
.word 206, 205, 201, 0
.word 206, 201, 207, 0
.word 207, 201, 199, 0
.word 208, 204, 205, 0
.word 209, 208, 205, 0
.word 209, 205, 206, 0
.word 204, 210, 203, 0
.word 211, 210, 204, 0
.word 208, 211, 204, 0
.word 212, 213, 208, 0
.word 212, 208, 209, 0
.word 213, 211, 208, 0
.word 214, 212, 209, 0
.word 214, 209, 215, 0
.word 215, 209, 206, 0
.word 216, 217, 212, 0
.word 216, 212, 214, 0
.word 217, 213, 212, 0
.word 213, 218, 211, 0
.word 219, 218, 213, 0
.word 217, 219, 213, 0
.word 220, 221, 218, 0
.word 218, 221, 222, 0
.word 218, 222, 211, 0
.word 219, 220, 218, 0
.word 220, 223, 221, 0
.word 223, 224, 221, 0
.word 221, 224, 225, 0
.word 221, 225, 222, 0
.word 222, 225, 226, 0
.word 222, 226, 210, 0
.word 211, 222, 210, 0
.word 210, 226, 227, 0
.word 210, 227, 203, 0
.word 203, 227, 202, 0
.word 223, 228, 224, 0
.word 229, 214, 215, 0
.word 230, 216, 214, 0
.word 230, 214, 229, 0
.word 229, 215, 231, 0
.word 215, 206, 232, 0
.word 231, 215, 232, 0
.word 231, 232, 233, 0
.word 234, 229, 231, 0
.word 234, 231, 235, 0
.word 235, 231, 233, 0
.word 233, 232, 236, 0
.word 232, 206, 207, 0
.word 232, 207, 236, 0
.word 233, 236, 166, 0
.word 157, 233, 166, 0
.word 235, 233, 157, 0
.word 149, 234, 235, 0
.word 149, 235, 150, 0
.word 150, 235, 157, 0
.word 142, 237, 149, 0
.word 237, 234, 149, 0
.word 142, 143, 237, 0
.word 237, 238, 234, 0
.word 238, 230, 229, 0
.word 238, 229, 234, 0
.word 166, 236, 167, 0
.word 236, 207, 239, 0
.word 236, 239, 167, 0
.word 167, 239, 176, 0
.word 207, 199, 239, 0
.word 239, 199, 183, 0
.word 239, 183, 176, 0
.word 187, 190, 240, 0
.word 187, 240, 241, 0
.word 188, 187, 241, 0
.word 188, 241, 242, 0
.word 180, 188, 243, 0
.word 243, 188, 242, 0
.word 243, 242, 244, 0
.word 179, 180, 243, 0
.word 179, 243, 245, 0
.word 245, 243, 244, 0
.word 245, 244, 246, 0
.word 247, 179, 245, 0
.word 247, 245, 248, 0
.word 248, 245, 246, 0
.word 172, 179, 247, 0
.word 249, 247, 248, 0
.word 173, 172, 247, 0
.word 173, 247, 249, 0
.word 249, 248, 250, 0
.word 248, 246, 251, 0
.word 250, 248, 251, 0
.word 252, 173, 249, 0
.word 252, 249, 253, 0
.word 253, 249, 250, 0
.word 171, 173, 252, 0
.word 254, 171, 252, 0
.word 254, 252, 255, 0
.word 255, 252, 253, 0
.word 255, 253, 256, 0
.word 256, 253, 257, 0
.word 253, 250, 257, 0
.word 258, 254, 255, 0
.word 258, 255, 259, 0
.word 259, 255, 256, 0
.word 161, 162, 254, 0
.word 161, 254, 258, 0
.word 162, 171, 254, 0
.word 260, 258, 259, 0
.word 261, 161, 258, 0
.word 261, 258, 260, 0
.word 260, 259, 262, 0
.word 259, 256, 263, 0
.word 262, 259, 263, 0
.word 260, 262, 264, 0
.word 260, 264, 265, 0
.word 261, 260, 265, 0
.word 154, 261, 266, 0
.word 261, 265, 266, 0
.word 154, 161, 261, 0
.word 265, 264, 267, 0
.word 265, 267, 268, 0
.word 266, 265, 268, 0
.word 262, 269, 264, 0
.word 264, 269, 270, 0
.word 264, 270, 267, 0
.word 268, 267, 271, 0
.word 267, 270, 272, 0
.word 267, 272, 271, 0
.word 273, 268, 274, 0
.word 268, 271, 274, 0
.word 266, 268, 273, 0
.word 271, 272, 275, 0
.word 271, 275, 276, 0
.word 274, 271, 276, 0
.word 270, 277, 272, 0
.word 272, 277, 278, 0
.word 272, 278, 275, 0
.word 275, 278, 279, 0
.word 275, 279, 280, 0
.word 276, 275, 280, 0
.word 274, 276, 281, 0
.word 281, 276, 282, 0
.word 276, 280, 282, 0
.word 280, 279, 283, 0
.word 280, 283, 284, 0
.word 282, 280, 284, 0
.word 278, 285, 279, 0
.word 279, 285, 286, 0
.word 279, 286, 283, 0
.word 284, 283, 287, 0
.word 283, 286, 288, 0
.word 283, 288, 287, 0
.word 289, 284, 290, 0
.word 284, 287, 290, 0
.word 282, 284, 289, 0
.word 287, 288, 291, 0
.word 287, 291, 292, 0
.word 290, 287, 292, 0
.word 289, 290, 293, 0
.word 293, 290, 294, 0
.word 290, 292, 294, 0
.word 295, 289, 293, 0
.word 296, 282, 289, 0
.word 296, 289, 295, 0
.word 295, 293, 297, 0
.word 293, 294, 298, 0
.word 297, 293, 298, 0
.word 298, 294, 299, 0
.word 294, 292, 300, 0
.word 294, 300, 299, 0
.word 297, 298, 301, 0
.word 301, 298, 302, 0
.word 298, 299, 302, 0
.word 303, 295, 297, 0
.word 303, 297, 304, 0
.word 304, 297, 301, 0
.word 304, 301, 305, 0
.word 301, 302, 306, 0
.word 305, 301, 306, 0
.word 302, 299, 307, 0
.word 302, 307, 308, 0
.word 306, 302, 308, 0
.word 306, 308, 309, 0
.word 305, 306, 310, 0
.word 310, 306, 309, 0
.word 311, 304, 305, 0
.word 311, 305, 312, 0
.word 312, 305, 310, 0
.word 312, 310, 313, 0
.word 310, 309, 314, 0
.word 313, 310, 314, 0
.word 314, 309, 315, 0
.word 309, 308, 316, 0
.word 309, 316, 315, 0
.word 317, 314, 318, 0
.word 314, 315, 318, 0
.word 313, 314, 317, 0
.word 319, 312, 313, 0
.word 319, 313, 11, 0
.word 11, 313, 317, 0
.word 5, 317, 320, 0
.word 317, 318, 320, 0
.word 11, 317, 5, 0
.word 318, 315, 321, 0
.word 318, 321, 322, 0
.word 320, 318, 322, 0
.word 5, 320, 6, 0
.word 6, 320, 323, 0
.word 320, 322, 323, 0
.word 323, 322, 324, 0
.word 322, 321, 325, 0
.word 322, 325, 324, 0
.word 315, 326, 321, 0
.word 321, 326, 327, 0
.word 321, 327, 325, 0
.word 324, 325, 328, 0
.word 325, 327, 329, 0
.word 325, 329, 328, 0
.word 326, 330, 327, 0
.word 327, 330, 331, 0
.word 327, 331, 329, 0
.word 316, 332, 326, 0
.word 315, 316, 326, 0
.word 326, 332, 330, 0
.word 332, 333, 330, 0
.word 330, 333, 334, 0
.word 330, 334, 331, 0
.word 329, 331, 335, 0
.word 331, 334, 336, 0
.word 331, 336, 335, 0
.word 333, 337, 334, 0
.word 334, 337, 338, 0
.word 334, 338, 336, 0
.word 332, 339, 333, 0
.word 339, 340, 333, 0
.word 333, 340, 337, 0
.word 341, 342, 339, 0
.word 343, 341, 339, 0
.word 343, 339, 332, 0
.word 339, 342, 340, 0
.word 307, 344, 341, 0
.word 307, 341, 343, 0
.word 344, 345, 341, 0
.word 341, 345, 342, 0
.word 308, 307, 343, 0
.word 308, 343, 316, 0
.word 316, 343, 332, 0
.word 299, 344, 307, 0
.word 344, 346, 345, 0
.word 300, 346, 344, 0
.word 299, 300, 344, 0
.word 300, 347, 346, 0
.word 292, 347, 300, 0
.word 292, 291, 347, 0
.word 336, 338, 348, 0
.word 336, 348, 349, 0
.word 335, 336, 349, 0
.word 348, 350, 351, 0
.word 348, 351, 349, 0
.word 335, 349, 352, 0
.word 349, 351, 353, 0
.word 349, 353, 352, 0
.word 329, 335, 354, 0
.word 354, 335, 352, 0
.word 354, 352, 355, 0
.word 352, 353, 356, 0
.word 352, 356, 355, 0
.word 351, 357, 353, 0
.word 353, 357, 358, 0
.word 353, 358, 356, 0
.word 356, 358, 359, 0
.word 356, 359, 360, 0
.word 355, 356, 360, 0
.word 361, 354, 355, 0
.word 361, 355, 362, 0
.word 355, 360, 362, 0
.word 363, 362, 360, 0
.word 364, 363, 360, 0
.word 364, 360, 359, 0
.word 365, 364, 359, 0
.word 365, 359, 366, 0
.word 358, 366, 359, 0
.word 367, 368, 364, 0
.word 367, 364, 365, 0
.word 368, 363, 364, 0
.word 368, 369, 363, 0
.word 369, 361, 363, 0
.word 363, 361, 362, 0
.word 370, 371, 368, 0
.word 370, 368, 367, 0
.word 371, 369, 368, 0
.word 372, 370, 367, 0
.word 372, 367, 373, 0
.word 373, 367, 365, 0
.word 374, 375, 370, 0
.word 374, 370, 372, 0
.word 375, 371, 370, 0
.word 375, 323, 371, 0
.word 323, 324, 371, 0
.word 371, 324, 369, 0
.word 6, 323, 375, 0
.word 1, 6, 375, 0
.word 1, 375, 374, 0
.word 1, 374, 376, 0
.word 374, 372, 377, 0
.word 374, 377, 376, 0
.word 1, 376, 2, 0
.word 2, 376, 378, 0
.word 376, 377, 379, 0
.word 376, 379, 378, 0
.word 372, 380, 377, 0
.word 377, 380, 381, 0
.word 377, 381, 379, 0
.word 378, 379, 382, 0
.word 379, 381, 383, 0
.word 379, 383, 382, 0
.word 380, 384, 381, 0
.word 381, 384, 385, 0
.word 381, 385, 383, 0
.word 372, 373, 380, 0
.word 373, 386, 380, 0
.word 380, 386, 384, 0
.word 386, 387, 384, 0
.word 384, 387, 388, 0
.word 384, 388, 385, 0
.word 385, 388, 389, 0
.word 385, 389, 390, 0
.word 383, 385, 390, 0
.word 391, 389, 388, 0
.word 391, 388, 392, 0
.word 392, 388, 387, 0
.word 386, 393, 387, 0
.word 392, 387, 394, 0
.word 394, 387, 393, 0
.word 395, 391, 392, 0
.word 395, 392, 396, 0
.word 396, 392, 394, 0
.word 390, 389, 391, 0
.word 390, 391, 397, 0
.word 397, 391, 395, 0
.word 383, 390, 398, 0
.word 398, 390, 397, 0
.word 398, 397, 399, 0
.word 397, 395, 400, 0
.word 399, 397, 400, 0
.word 400, 395, 401, 0
.word 401, 395, 396, 0
.word 399, 400, 402, 0
.word 402, 400, 403, 0
.word 400, 401, 403, 0
.word 404, 398, 399, 0
.word 404, 399, 405, 0
.word 405, 399, 402, 0
.word 382, 383, 398, 0
.word 382, 398, 404, 0
.word 406, 382, 404, 0
.word 406, 404, 407, 0
.word 407, 404, 405, 0
.word 407, 405, 408, 0
.word 405, 402, 409, 0
.word 408, 405, 409, 0
.word 14, 406, 407, 0
.word 14, 407, 410, 0
.word 410, 407, 408, 0
.word 378, 382, 406, 0
.word 7, 378, 406, 0
.word 7, 406, 14, 0
.word 15, 14, 410, 0
.word 15, 410, 22, 0
.word 22, 410, 411, 0
.word 410, 408, 411, 0
.word 22, 411, 412, 0
.word 23, 22, 412, 0
.word 411, 408, 413, 0
.word 411, 413, 414, 0
.word 412, 411, 414, 0
.word 412, 414, 415, 0
.word 23, 412, 31, 0
.word 31, 412, 415, 0
.word 415, 414, 416, 0
.word 414, 413, 417, 0
.word 414, 417, 416, 0
.word 413, 409, 418, 0
.word 413, 418, 417, 0
.word 408, 409, 413, 0
.word 416, 417, 419, 0
.word 417, 418, 420, 0
.word 417, 420, 419, 0
.word 409, 421, 418, 0
.word 418, 421, 422, 0
.word 418, 422, 420, 0
.word 409, 402, 421, 0
.word 402, 403, 421, 0
.word 421, 403, 423, 0
.word 421, 423, 422, 0
.word 403, 401, 424, 0
.word 403, 424, 423, 0
.word 424, 401, 425, 0
.word 401, 396, 425, 0
.word 424, 425, 426, 0
.word 425, 396, 427, 0
.word 425, 427, 428, 0
.word 426, 425, 428, 0
.word 396, 394, 427, 0
.word 428, 427, 429, 0
.word 427, 394, 430, 0
.word 427, 430, 429, 0
.word 431, 428, 432, 0
.word 428, 429, 432, 0
.word 426, 428, 431, 0
.word 432, 429, 433, 0
.word 429, 430, 434, 0
.word 429, 434, 433, 0
.word 394, 393, 430, 0
.word 430, 393, 435, 0
.word 430, 435, 434, 0
.word 436, 433, 434, 0
.word 436, 434, 437, 0
.word 437, 434, 435, 0
.word 432, 433, 438, 0
.word 439, 438, 433, 0
.word 439, 433, 436, 0
.word 440, 439, 436, 0
.word 440, 436, 357, 0
.word 357, 436, 437, 0
.word 357, 437, 358, 0
.word 437, 435, 366, 0
.word 358, 437, 366, 0
.word 351, 440, 357, 0
.word 441, 439, 440, 0
.word 350, 441, 440, 0
.word 350, 440, 351, 0
.word 441, 442, 439, 0
.word 442, 438, 439, 0
.word 442, 443, 438, 0
.word 444, 438, 443, 0
.word 431, 432, 444, 0
.word 444, 432, 438, 0
.word 445, 365, 366, 0
.word 445, 366, 435, 0
.word 373, 445, 386, 0
.word 445, 435, 393, 0
.word 445, 393, 386, 0
.word 373, 365, 445, 0
.word 416, 419, 446, 0
.word 415, 416, 447, 0
.word 447, 416, 446, 0
.word 447, 446, 448, 0
.word 449, 415, 447, 0
.word 449, 447, 450, 0
.word 450, 447, 448, 0
.word 31, 415, 449, 0
.word 30, 31, 449, 0
.word 30, 449, 38, 0
.word 38, 449, 450, 0
.word 38, 450, 451, 0
.word 450, 448, 452, 0
.word 451, 450, 452, 0
.word 39, 38, 451, 0
.word 39, 451, 46, 0
.word 46, 451, 453, 0
.word 451, 452, 453, 0
.word 46, 453, 454, 0
.word 47, 46, 454, 0
.word 47, 454, 54, 0
.word 2, 378, 7, 0
.word 369, 328, 361, 0
.word 324, 328, 369, 0
.word 328, 329, 354, 0
.word 328, 354, 361, 0
.word 10, 319, 11, 0
.word 18, 319, 10, 0
.word 455, 312, 319, 0
.word 18, 455, 319, 0
.word 456, 18, 19, 0
.word 456, 455, 18, 0
.word 456, 457, 455, 0
.word 457, 311, 455, 0
.word 455, 311, 312, 0
.word 456, 19, 27, 0
.word 458, 456, 27, 0
.word 458, 457, 456, 0
.word 457, 459, 311, 0
.word 460, 459, 457, 0
.word 458, 460, 457, 0
.word 459, 304, 311, 0
.word 459, 303, 304, 0
.word 460, 461, 459, 0
.word 461, 303, 459, 0
.word 462, 463, 460, 0
.word 462, 460, 458, 0
.word 463, 461, 460, 0
.word 462, 458, 464, 0
.word 458, 27, 464, 0
.word 464, 27, 26, 0
.word 462, 464, 465, 0
.word 464, 26, 34, 0
.word 465, 464, 34, 0
.word 466, 462, 465, 0
.word 466, 463, 462, 0
.word 467, 468, 463, 0
.word 466, 467, 463, 0
.word 463, 468, 461, 0
.word 469, 466, 470, 0
.word 466, 465, 470, 0
.word 469, 467, 466, 0
.word 470, 465, 471, 0
.word 465, 34, 471, 0
.word 471, 34, 35, 0
.word 470, 471, 472, 0
.word 472, 471, 42, 0
.word 471, 35, 42, 0
.word 469, 470, 473, 0
.word 473, 470, 472, 0
.word 473, 472, 474, 0
.word 474, 472, 475, 0
.word 472, 42, 475, 0
.word 475, 42, 43, 0
.word 474, 475, 476, 0
.word 475, 43, 50, 0
.word 476, 475, 50, 0
.word 477, 474, 476, 0
.word 478, 473, 474, 0
.word 478, 474, 477, 0
.word 479, 469, 473, 0
.word 479, 473, 478, 0
.word 480, 479, 478, 0
.word 480, 478, 118, 0
.word 118, 478, 477, 0
.word 109, 477, 481, 0
.word 477, 476, 481, 0
.word 118, 477, 109, 0
.word 480, 118, 119, 0
.word 480, 119, 126, 0
.word 480, 126, 146, 0
.word 480, 146, 153, 0
.word 480, 153, 482, 0
.word 480, 482, 479, 0
.word 153, 154, 483, 0
.word 153, 483, 482, 0
.word 482, 483, 484, 0
.word 482, 484, 485, 0
.word 479, 482, 485, 0
.word 154, 266, 483, 0
.word 483, 266, 273, 0
.word 483, 273, 484, 0
.word 485, 484, 486, 0
.word 484, 273, 487, 0
.word 484, 487, 486, 0
.word 469, 485, 467, 0
.word 485, 486, 467, 0
.word 479, 485, 469, 0
.word 467, 486, 468, 0
.word 486, 487, 488, 0
.word 486, 488, 468, 0
.word 273, 274, 487, 0
.word 487, 274, 281, 0
.word 487, 281, 488, 0
.word 468, 488, 489, 0
.word 488, 281, 296, 0
.word 488, 296, 489, 0
.word 468, 489, 461, 0
.word 489, 296, 295, 0
.word 489, 295, 303, 0
.word 461, 489, 303, 0
.word 281, 282, 296, 0
.word 109, 481, 72, 0
.word 481, 476, 64, 0
.word 481, 64, 65, 0
.word 72, 481, 65, 0
.word 476, 50, 64, 0
.word 64, 50, 51, 0
.word 278, 490, 285, 0
.word 277, 490, 278, 0
.word 277, 491, 490, 0
.word 270, 492, 277, 0
.word 492, 491, 277, 0
.word 492, 493, 491, 0
.word 494, 493, 492, 0
.word 269, 494, 492, 0
.word 269, 492, 270, 0
.word 494, 495, 493, 0
.word 496, 497, 494, 0
.word 496, 494, 269, 0
.word 497, 495, 494, 0
.word 262, 496, 269, 0
.word 262, 263, 496, 0
.word 496, 263, 498, 0
.word 496, 498, 497, 0
.word 497, 499, 495, 0
.word 497, 498, 500, 0
.word 497, 500, 499, 0
.word 263, 501, 498, 0
.word 498, 501, 502, 0
.word 498, 502, 500, 0
.word 263, 256, 501, 0
.word 256, 257, 501, 0
.word 501, 257, 503, 0
.word 501, 503, 502, 0
.word 257, 250, 504, 0
.word 257, 504, 503, 0
.word 250, 251, 504, 0
.word 123, 505, 131, 0
.word 123, 122, 505, 0
.word 505, 122, 506, 0
.word 505, 506, 507, 0
.word 122, 114, 508, 0
.word 122, 508, 506, 0
.word 507, 506, 509, 0
.word 506, 508, 510, 0
.word 506, 510, 509, 0
.word 507, 509, 511, 0
.word 509, 510, 512, 0
.word 509, 512, 513, 0
.word 511, 509, 513, 0
.word 510, 514, 515, 0
.word 510, 515, 512, 0
.word 508, 514, 510, 0
.word 114, 115, 508, 0
.word 508, 115, 514, 0
.word 514, 516, 517, 0
.word 514, 517, 515, 0
.word 115, 516, 514, 0
.word 512, 515, 518, 0
.word 515, 517, 519, 0
.word 515, 519, 518, 0
.word 516, 520, 517, 0
.word 517, 520, 521, 0
.word 517, 521, 519, 0
.word 516, 103, 520, 0
.word 106, 103, 516, 0
.word 115, 106, 516, 0
.word 103, 104, 520, 0
.word 520, 104, 522, 0
.word 520, 522, 521, 0
.word 519, 521, 523, 0
.word 521, 522, 524, 0
.word 521, 524, 523, 0
.word 104, 525, 522, 0
.word 522, 525, 526, 0
.word 522, 526, 524, 0
.word 104, 96, 525, 0
.word 96, 97, 525, 0
.word 525, 97, 527, 0
.word 525, 527, 526, 0
.word 524, 526, 528, 0
.word 526, 527, 529, 0
.word 526, 529, 528, 0
.word 524, 528, 530, 0
.word 523, 524, 530, 0
.word 528, 529, 531, 0
.word 528, 531, 532, 0
.word 530, 528, 532, 0
.word 529, 533, 534, 0
.word 529, 534, 531, 0
.word 527, 533, 529, 0
.word 97, 535, 527, 0
.word 527, 535, 533, 0
.word 97, 92, 535, 0
.word 92, 536, 535, 0
.word 535, 536, 537, 0
.word 535, 537, 533, 0
.word 533, 537, 538, 0
.word 533, 538, 534, 0
.word 531, 534, 539, 0
.word 534, 538, 540, 0
.word 534, 540, 539, 0
.word 537, 541, 538, 0
.word 538, 541, 542, 0
.word 538, 542, 540, 0
.word 537, 543, 541, 0
.word 536, 543, 537, 0
.word 536, 544, 543, 0
.word 91, 90, 544, 0
.word 91, 544, 536, 0
.word 92, 91, 536, 0
.word 531, 539, 545, 0
.word 532, 531, 545, 0
.word 532, 545, 546, 0
.word 530, 532, 547, 0
.word 547, 532, 546, 0
.word 547, 546, 548, 0
.word 549, 530, 547, 0
.word 549, 547, 550, 0
.word 550, 547, 548, 0
.word 523, 530, 549, 0
.word 551, 549, 550, 0
.word 552, 523, 549, 0
.word 552, 549, 551, 0
.word 550, 548, 553, 0
.word 551, 550, 554, 0
.word 554, 550, 553, 0
.word 555, 551, 554, 0
.word 556, 552, 551, 0
.word 556, 551, 555, 0
.word 518, 519, 552, 0
.word 518, 552, 556, 0
.word 519, 523, 552, 0
.word 557, 518, 556, 0
.word 557, 556, 558, 0
.word 558, 556, 555, 0
.word 555, 554, 559, 0
.word 560, 555, 559, 0
.word 558, 555, 560, 0
.word 561, 557, 558, 0
.word 561, 558, 562, 0
.word 562, 558, 560, 0
.word 512, 518, 557, 0
.word 513, 512, 557, 0
.word 513, 557, 561, 0
.word 563, 513, 561, 0
.word 563, 561, 564, 0
.word 564, 561, 562, 0
.word 562, 560, 565, 0
.word 564, 562, 566, 0
.word 566, 562, 565, 0
.word 567, 565, 568, 0
.word 565, 560, 569, 0
.word 565, 569, 568, 0
.word 566, 565, 567, 0
.word 567, 568, 570, 0
.word 570, 568, 571, 0
.word 568, 569, 572, 0
.word 568, 572, 571, 0
.word 560, 559, 569, 0
.word 569, 559, 573, 0
.word 569, 573, 572, 0
.word 559, 554, 574, 0
.word 559, 574, 573, 0
.word 554, 553, 574, 0
.word 570, 571, 575, 0
.word 511, 513, 563, 0
.word 77, 576, 84, 0
.word 76, 576, 77, 0
.word 76, 577, 576, 0
.word 68, 578, 76, 0
.word 578, 577, 76, 0
.word 578, 579, 577, 0
.word 68, 69, 578, 0
.word 578, 69, 580, 0
.word 578, 580, 579, 0
.word 69, 60, 581, 0
.word 69, 581, 580, 0
.word 60, 61, 581, 0
.word 448, 446, 582, 0
.word 448, 582, 583, 0
.word 452, 448, 583, 0
.word 446, 419, 584, 0
.word 446, 584, 582, 0
.word 582, 584, 585, 0
.word 582, 585, 586, 0
.word 583, 582, 586, 0
.word 583, 586, 587, 0
.word 452, 583, 588, 0
.word 588, 583, 587, 0
.word 453, 452, 588, 0
.word 453, 588, 589, 0
.word 588, 587, 590, 0
.word 589, 588, 590, 0
.word 587, 586, 591, 0
.word 587, 591, 592, 0
.word 590, 587, 592, 0
.word 586, 585, 593, 0
.word 586, 593, 591, 0
.word 591, 593, 594, 0
.word 591, 594, 595, 0
.word 592, 591, 595, 0
.word 592, 595, 596, 0
.word 590, 592, 597, 0
.word 597, 592, 596, 0
.word 598, 590, 597, 0
.word 589, 590, 598, 0
.word 598, 597, 599, 0
.word 597, 596, 600, 0
.word 599, 597, 600, 0
.word 596, 595, 601, 0
.word 596, 601, 602, 0
.word 600, 596, 602, 0
.word 595, 594, 603, 0
.word 595, 603, 601, 0
.word 601, 603, 604, 0
.word 601, 604, 605, 0
.word 602, 601, 605, 0
.word 602, 605, 606, 0
.word 600, 602, 607, 0
.word 607, 602, 606, 0
.word 608, 600, 607, 0
.word 599, 600, 608, 0
.word 608, 607, 609, 0
.word 607, 606, 610, 0
.word 609, 607, 610, 0
.word 606, 605, 611, 0
.word 606, 611, 612, 0
.word 610, 606, 612, 0
.word 605, 604, 613, 0
.word 605, 613, 611, 0
.word 611, 613, 614, 0
.word 611, 614, 615, 0
.word 612, 611, 615, 0
.word 612, 615, 616, 0
.word 610, 612, 617, 0
.word 617, 612, 616, 0
.word 609, 610, 618, 0
.word 618, 610, 617, 0
.word 618, 617, 619, 0
.word 617, 616, 620, 0
.word 619, 617, 620, 0
.word 621, 616, 615, 0
.word 622, 620, 616, 0
.word 622, 616, 621, 0
.word 621, 615, 623, 0
.word 623, 615, 614, 0
.word 624, 621, 623, 0
.word 625, 622, 621, 0
.word 625, 621, 624, 0
.word 626, 627, 622, 0
.word 626, 622, 625, 0
.word 627, 620, 622, 0
.word 619, 620, 628, 0
.word 627, 628, 620, 0
.word 629, 628, 627, 0
.word 630, 629, 627, 0
.word 630, 627, 626, 0
.word 631, 630, 626, 0
.word 631, 626, 632, 0
.word 632, 626, 625, 0
.word 632, 625, 633, 0
.word 633, 625, 624, 0
.word 634, 631, 632, 0
.word 634, 632, 635, 0
.word 635, 632, 633, 0
.word 636, 637, 631, 0
.word 636, 631, 634, 0
.word 637, 630, 631, 0
.word 637, 638, 630, 0
.word 638, 629, 630, 0
.word 639, 638, 637, 0
.word 640, 639, 637, 0
.word 640, 637, 636, 0
.word 641, 636, 634, 0
.word 642, 640, 636, 0
.word 642, 636, 641, 0
.word 643, 644, 640, 0
.word 643, 640, 642, 0
.word 644, 639, 640, 0
.word 644, 645, 639, 0
.word 645, 646, 639, 0
.word 639, 646, 638, 0
.word 647, 648, 644, 0
.word 647, 644, 643, 0
.word 648, 645, 644, 0
.word 649, 647, 643, 0
.word 649, 643, 650, 0
.word 650, 643, 642, 0
.word 651, 652, 647, 0
.word 651, 647, 649, 0
.word 652, 648, 647, 0
.word 652, 653, 648, 0
.word 653, 654, 648, 0
.word 648, 654, 645, 0
.word 655, 653, 652, 0
.word 656, 655, 652, 0
.word 656, 652, 651, 0
.word 657, 651, 649, 0
.word 658, 656, 651, 0
.word 658, 651, 657, 0
.word 659, 655, 656, 0
.word 660, 659, 656, 0
.word 660, 656, 658, 0
.word 659, 661, 655, 0
.word 661, 662, 655, 0
.word 655, 662, 653, 0
.word 659, 663, 664, 0
.word 659, 664, 661, 0
.word 660, 663, 659, 0
.word 499, 660, 658, 0
.word 499, 665, 660, 0
.word 660, 665, 663, 0
.word 663, 666, 667, 0
.word 663, 667, 664, 0
.word 665, 666, 663, 0
.word 664, 667, 668, 0
.word 664, 668, 669, 0
.word 661, 664, 669, 0
.word 666, 670, 667, 0
.word 667, 670, 671, 0
.word 667, 671, 668, 0
.word 665, 672, 666, 0
.word 672, 673, 666, 0
.word 666, 673, 670, 0
.word 673, 674, 670, 0
.word 670, 674, 675, 0
.word 670, 675, 671, 0
.word 668, 671, 676, 0
.word 671, 675, 677, 0
.word 671, 677, 676, 0
.word 674, 678, 675, 0
.word 675, 678, 679, 0
.word 675, 679, 677, 0
.word 680, 681, 674, 0
.word 674, 681, 678, 0
.word 673, 680, 674, 0
.word 681, 682, 678, 0
.word 678, 682, 683, 0
.word 678, 683, 679, 0
.word 679, 683, 684, 0
.word 679, 684, 685, 0
.word 677, 679, 685, 0
.word 682, 686, 683, 0
.word 683, 686, 687, 0
.word 683, 687, 684, 0
.word 681, 688, 682, 0
.word 688, 689, 682, 0
.word 682, 689, 686, 0
.word 689, 690, 686, 0
.word 686, 690, 691, 0
.word 686, 691, 687, 0
.word 684, 687, 692, 0
.word 687, 691, 693, 0
.word 687, 693, 692, 0
.word 690, 694, 691, 0
.word 691, 694, 695, 0
.word 691, 695, 693, 0
.word 696, 697, 690, 0
.word 690, 697, 694, 0
.word 689, 696, 690, 0
.word 697, 698, 694, 0
.word 694, 698, 699, 0
.word 694, 699, 695, 0
.word 695, 699, 700, 0
.word 695, 700, 701, 0
.word 693, 695, 701, 0
.word 701, 700, 702, 0
.word 703, 701, 704, 0
.word 701, 702, 704, 0
.word 693, 701, 703, 0
.word 704, 702, 705, 0
.word 703, 704, 706, 0
.word 704, 705, 707, 0
.word 706, 704, 707, 0
.word 692, 693, 703, 0
.word 692, 703, 708, 0
.word 708, 703, 706, 0
.word 706, 707, 709, 0
.word 708, 706, 710, 0
.word 710, 706, 709, 0
.word 709, 707, 223, 0
.word 707, 705, 228, 0
.word 707, 228, 223, 0
.word 709, 223, 220, 0
.word 711, 709, 220, 0
.word 710, 709, 711, 0
.word 712, 708, 710, 0
.word 712, 710, 713, 0
.word 713, 710, 711, 0
.word 714, 711, 219, 0
.word 711, 220, 219, 0
.word 713, 711, 714, 0
.word 715, 712, 713, 0
.word 715, 713, 716, 0
.word 716, 713, 714, 0
.word 717, 718, 712, 0
.word 717, 712, 715, 0
.word 718, 708, 712, 0
.word 719, 717, 715, 0
.word 719, 715, 720, 0
.word 720, 715, 716, 0
.word 720, 716, 721, 0
.word 716, 714, 722, 0
.word 721, 716, 722, 0
.word 723, 720, 721, 0
.word 724, 719, 720, 0
.word 724, 720, 723, 0
.word 725, 717, 719, 0
.word 726, 725, 719, 0
.word 726, 719, 724, 0
.word 727, 726, 724, 0
.word 727, 724, 728, 0
.word 728, 724, 723, 0
.word 729, 723, 730, 0
.word 723, 721, 730, 0
.word 728, 723, 729, 0
.word 727, 728, 731, 0
.word 728, 729, 732, 0
.word 728, 732, 731, 0
.word 729, 733, 734, 0
.word 729, 734, 732, 0
.word 729, 730, 733, 0
.word 730, 721, 735, 0
.word 730, 735, 736, 0
.word 733, 730, 736, 0
.word 733, 737, 738, 0
.word 733, 738, 734, 0
.word 733, 736, 737, 0
.word 734, 738, 739, 0
.word 734, 739, 740, 0
.word 732, 734, 740, 0
.word 139, 739, 738, 0
.word 139, 738, 143, 0
.word 143, 738, 737, 0
.word 143, 737, 237, 0
.word 737, 736, 238, 0
.word 737, 238, 237, 0
.word 736, 230, 238, 0
.word 736, 735, 230, 0
.word 735, 216, 230, 0
.word 735, 722, 216, 0
.word 722, 217, 216, 0
.word 721, 722, 735, 0
.word 722, 714, 217, 0
.word 714, 219, 217, 0
.word 137, 739, 139, 0
.word 136, 741, 137, 0
.word 137, 741, 739, 0
.word 740, 739, 741, 0
.word 740, 741, 742, 0
.word 742, 741, 743, 0
.word 136, 743, 741, 0
.word 136, 133, 744, 0
.word 136, 744, 743, 0
.word 745, 746, 743, 0
.word 745, 743, 744, 0
.word 742, 743, 746, 0
.word 747, 740, 742, 0
.word 747, 742, 748, 0
.word 748, 742, 746, 0
.word 732, 740, 747, 0
.word 731, 732, 747, 0
.word 731, 747, 749, 0
.word 749, 747, 748, 0
.word 749, 748, 750, 0
.word 750, 748, 751, 0
.word 748, 746, 751, 0
.word 752, 751, 746, 0
.word 752, 746, 745, 0
.word 753, 754, 751, 0
.word 753, 751, 752, 0
.word 750, 751, 754, 0
.word 755, 749, 750, 0
.word 755, 750, 756, 0
.word 756, 750, 754, 0
.word 757, 731, 749, 0
.word 757, 749, 755, 0
.word 727, 731, 757, 0
.word 758, 727, 757, 0
.word 759, 758, 757, 0
.word 759, 757, 755, 0
.word 759, 755, 760, 0
.word 755, 756, 761, 0
.word 755, 761, 760, 0
.word 762, 759, 763, 0
.word 759, 760, 763, 0
.word 762, 758, 759, 0
.word 762, 669, 758, 0
.word 669, 764, 758, 0
.word 758, 764, 727, 0
.word 764, 726, 727, 0
.word 669, 668, 764, 0
.word 668, 676, 764, 0
.word 764, 676, 726, 0
.word 661, 669, 762, 0
.word 762, 763, 662, 0
.word 661, 762, 662, 0
.word 662, 763, 765, 0
.word 662, 765, 653, 0
.word 653, 765, 654, 0
.word 765, 766, 767, 0
.word 765, 767, 654, 0
.word 763, 766, 765, 0
.word 654, 767, 768, 0
.word 654, 768, 645, 0
.word 766, 769, 767, 0
.word 767, 769, 770, 0
.word 767, 770, 768, 0
.word 768, 770, 771, 0
.word 768, 771, 646, 0
.word 645, 768, 646, 0
.word 769, 772, 770, 0
.word 770, 772, 773, 0
.word 770, 773, 771, 0
.word 766, 774, 769, 0
.word 774, 775, 769, 0
.word 769, 775, 772, 0
.word 776, 777, 772, 0
.word 776, 772, 775, 0
.word 777, 773, 772, 0
.word 778, 779, 773, 0
.word 777, 778, 773, 0
.word 771, 773, 779, 0
.word 780, 781, 777, 0
.word 780, 777, 776, 0
.word 781, 778, 777, 0
.word 782, 780, 776, 0
.word 782, 776, 783, 0
.word 783, 776, 775, 0
.word 784, 781, 780, 0
.word 785, 784, 780, 0
.word 785, 780, 782, 0
.word 784, 786, 781, 0
.word 781, 787, 778, 0
.word 786, 787, 781, 0
.word 788, 789, 784, 0
.word 788, 784, 785, 0
.word 789, 786, 784, 0
.word 790, 788, 785, 0
.word 790, 785, 791, 0
.word 791, 785, 782, 0
.word 792, 789, 788, 0
.word 793, 792, 788, 0
.word 793, 788, 790, 0
.word 794, 795, 789, 0
.word 792, 794, 789, 0
.word 789, 795, 786, 0
.word 796, 794, 792, 0
.word 797, 796, 792, 0
.word 797, 792, 793, 0
.word 798, 797, 793, 0
.word 798, 793, 799, 0
.word 799, 793, 790, 0
.word 800, 796, 797, 0
.word 801, 800, 797, 0
.word 801, 797, 798, 0
.word 802, 803, 796, 0
.word 796, 803, 794, 0
.word 800, 802, 796, 0
.word 579, 580, 800, 0
.word 579, 800, 801, 0
.word 580, 802, 800, 0
.word 579, 801, 804, 0
.word 801, 798, 805, 0
.word 801, 805, 804, 0
.word 579, 804, 577, 0
.word 804, 805, 806, 0
.word 804, 806, 807, 0
.word 577, 804, 807, 0
.word 798, 808, 805, 0
.word 805, 808, 809, 0
.word 805, 809, 806, 0
.word 807, 806, 810, 0
.word 806, 809, 811, 0
.word 806, 811, 810, 0
.word 577, 807, 576, 0
.word 576, 807, 812, 0
.word 807, 810, 812, 0
.word 812, 810, 813, 0
.word 810, 811, 814, 0
.word 810, 814, 813, 0
.word 809, 815, 811, 0
.word 811, 815, 816, 0
.word 811, 816, 814, 0
.word 813, 814, 817, 0
.word 814, 816, 818, 0
.word 814, 818, 817, 0
.word 813, 817, 819, 0
.word 820, 813, 819, 0
.word 812, 813, 820, 0
.word 817, 818, 821, 0
.word 817, 821, 822, 0
.word 819, 817, 822, 0
.word 816, 823, 818, 0
.word 818, 823, 824, 0
.word 818, 824, 821, 0
.word 822, 821, 825, 0
.word 821, 824, 826, 0
.word 821, 826, 825, 0
.word 819, 822, 827, 0
.word 827, 822, 828, 0
.word 822, 825, 828, 0
.word 828, 825, 829, 0
.word 825, 826, 830, 0
.word 825, 830, 829, 0
.word 824, 831, 826, 0
.word 826, 831, 832, 0
.word 826, 832, 830, 0
.word 829, 830, 833, 0
.word 830, 832, 834, 0
.word 830, 834, 833, 0
.word 829, 833, 835, 0
.word 836, 829, 835, 0
.word 828, 829, 836, 0
.word 833, 834, 837, 0
.word 833, 837, 838, 0
.word 835, 833, 838, 0
.word 832, 839, 834, 0
.word 834, 839, 840, 0
.word 834, 840, 837, 0
.word 832, 841, 839, 0
.word 841, 842, 839, 0
.word 839, 842, 843, 0
.word 839, 843, 840, 0
.word 841, 844, 842, 0
.word 845, 844, 841, 0
.word 831, 845, 841, 0
.word 831, 841, 832, 0
.word 844, 846, 842, 0
.word 842, 846, 847, 0
.word 842, 847, 843, 0
.word 844, 848, 846, 0
.word 845, 849, 844, 0
.word 849, 848, 844, 0
.word 848, 850, 846, 0
.word 846, 850, 851, 0
.word 846, 851, 847, 0
.word 848, 852, 850, 0
.word 853, 852, 848, 0
.word 849, 853, 848, 0
.word 854, 855, 849, 0
.word 854, 849, 845, 0
.word 855, 853, 849, 0
.word 855, 856, 853, 0
.word 856, 857, 853, 0
.word 853, 857, 852, 0
.word 858, 859, 855, 0
.word 858, 855, 854, 0
.word 859, 856, 855, 0
.word 860, 861, 856, 0
.word 859, 860, 856, 0
.word 856, 861, 857, 0
.word 861, 566, 857, 0
.word 857, 566, 567, 0
.word 857, 567, 852, 0
.word 860, 862, 861, 0
.word 862, 564, 861, 0
.word 861, 564, 566, 0
.word 863, 864, 862, 0
.word 863, 862, 860, 0
.word 864, 563, 862, 0
.word 862, 563, 564, 0
.word 865, 863, 860, 0
.word 866, 864, 863, 0
.word 867, 866, 863, 0
.word 867, 863, 865, 0
.word 864, 511, 563, 0
.word 868, 511, 864, 0
.word 866, 868, 864, 0
.word 869, 870, 866, 0
.word 869, 866, 867, 0
.word 870, 868, 866, 0
.word 871, 869, 867, 0
.word 871, 867, 872, 0
.word 872, 867, 865, 0
.word 871, 873, 869, 0
.word 869, 873, 874, 0
.word 869, 874, 870, 0
.word 870, 874, 875, 0
.word 870, 875, 876, 0
.word 870, 876, 868, 0
.word 873, 877, 874, 0
.word 874, 877, 878, 0
.word 874, 878, 875, 0
.word 879, 880, 873, 0
.word 871, 879, 873, 0
.word 873, 880, 877, 0
.word 880, 745, 877, 0
.word 877, 745, 744, 0
.word 877, 744, 878, 0
.word 133, 130, 878, 0
.word 133, 878, 744, 0
.word 130, 875, 878, 0
.word 130, 131, 875, 0
.word 131, 505, 876, 0
.word 131, 876, 875, 0
.word 876, 505, 507, 0
.word 876, 507, 868, 0
.word 868, 507, 511, 0
.word 880, 752, 745, 0
.word 881, 753, 752, 0
.word 881, 752, 880, 0
.word 882, 883, 881, 0
.word 882, 881, 879, 0
.word 879, 881, 880, 0
.word 883, 753, 881, 0
.word 883, 884, 753, 0
.word 884, 754, 753, 0
.word 885, 886, 883, 0
.word 883, 886, 887, 0
.word 883, 887, 884, 0
.word 885, 883, 882, 0
.word 884, 887, 888, 0
.word 884, 888, 889, 0
.word 884, 889, 754, 0
.word 756, 754, 889, 0
.word 756, 889, 888, 0
.word 887, 890, 888, 0
.word 756, 888, 761, 0
.word 761, 888, 890, 0
.word 886, 783, 887, 0
.word 887, 783, 890, 0
.word 783, 775, 890, 0
.word 774, 890, 775, 0
.word 761, 890, 774, 0
.word 760, 761, 774, 0
.word 760, 774, 766, 0
.word 763, 760, 766, 0
.word 886, 782, 783, 0
.word 791, 782, 886, 0
.word 885, 791, 886, 0
.word 891, 790, 791, 0
.word 891, 791, 885, 0
.word 891, 885, 892, 0
.word 885, 882, 892, 0
.word 799, 790, 891, 0
.word 799, 891, 893, 0
.word 891, 892, 893, 0
.word 892, 882, 894, 0
.word 892, 894, 895, 0
.word 893, 892, 895, 0
.word 894, 882, 879, 0
.word 894, 879, 871, 0
.word 895, 894, 896, 0
.word 894, 871, 872, 0
.word 894, 872, 896, 0
.word 893, 895, 897, 0
.word 897, 895, 898, 0
.word 895, 896, 898, 0
.word 898, 896, 899, 0
.word 896, 872, 900, 0
.word 896, 900, 899, 0
.word 872, 865, 900, 0
.word 899, 900, 858, 0
.word 900, 865, 859, 0
.word 900, 859, 858, 0
.word 899, 858, 901, 0
.word 902, 899, 901, 0
.word 898, 899, 902, 0
.word 897, 898, 815, 0
.word 815, 898, 902, 0
.word 816, 902, 823, 0
.word 902, 901, 823, 0
.word 815, 902, 816, 0
.word 901, 858, 854, 0
.word 901, 854, 903, 0
.word 823, 901, 903, 0
.word 823, 903, 824, 0
.word 903, 854, 845, 0
.word 903, 845, 831, 0
.word 824, 903, 831, 0
.word 809, 897, 815, 0
.word 808, 897, 809, 0
.word 808, 893, 897, 0
.word 798, 799, 808, 0
.word 799, 893, 808, 0
.word 865, 860, 859, 0
.word 852, 567, 570, 0
.word 852, 570, 850, 0
.word 850, 570, 575, 0
.word 850, 575, 851, 0
.word 835, 838, 904, 0
.word 836, 835, 905, 0
.word 905, 835, 904, 0
.word 905, 904, 906, 0
.word 907, 836, 905, 0
.word 907, 905, 908, 0
.word 908, 905, 906, 0
.word 909, 828, 836, 0
.word 909, 836, 907, 0
.word 910, 907, 908, 0
.word 911, 909, 907, 0
.word 911, 907, 910, 0
.word 910, 908, 912, 0
.word 912, 908, 913, 0
.word 908, 906, 913, 0
.word 543, 910, 912, 0
.word 544, 911, 910, 0
.word 544, 910, 543, 0
.word 90, 914, 911, 0
.word 90, 911, 544, 0
.word 914, 909, 911, 0
.word 87, 914, 90, 0
.word 915, 827, 914, 0
.word 87, 915, 914, 0
.word 914, 827, 909, 0
.word 85, 915, 87, 0
.word 85, 820, 915, 0
.word 820, 819, 915, 0
.word 915, 819, 827, 0
.word 827, 828, 909, 0
.word 84, 812, 820, 0
.word 84, 820, 85, 0
.word 576, 812, 84, 0
.word 543, 912, 541, 0
.word 912, 913, 916, 0
.word 541, 912, 916, 0
.word 541, 916, 542, 0
.word 581, 917, 802, 0
.word 802, 917, 803, 0
.word 580, 581, 802, 0
.word 581, 61, 917, 0
.word 61, 918, 917, 0
.word 917, 918, 919, 0
.word 917, 919, 803, 0
.word 803, 919, 920, 0
.word 803, 920, 794, 0
.word 918, 921, 919, 0
.word 919, 921, 922, 0
.word 919, 922, 920, 0
.word 61, 57, 918, 0
.word 57, 923, 918, 0
.word 918, 923, 921, 0
.word 923, 924, 921, 0
.word 921, 924, 925, 0
.word 921, 925, 922, 0
.word 922, 925, 926, 0
.word 922, 926, 927, 0
.word 920, 922, 927, 0
.word 924, 928, 925, 0
.word 925, 928, 929, 0
.word 925, 929, 926, 0
.word 924, 930, 928, 0
.word 931, 930, 924, 0
.word 923, 931, 924, 0
.word 930, 599, 928, 0
.word 928, 599, 608, 0
.word 928, 608, 929, 0
.word 926, 929, 932, 0
.word 929, 608, 609, 0
.word 929, 609, 932, 0
.word 926, 932, 933, 0
.word 932, 609, 618, 0
.word 932, 618, 934, 0
.word 933, 932, 934, 0
.word 933, 934, 935, 0
.word 927, 926, 933, 0
.word 927, 933, 936, 0
.word 936, 933, 935, 0
.word 935, 934, 937, 0
.word 934, 618, 619, 0
.word 934, 619, 937, 0
.word 935, 937, 938, 0
.word 787, 935, 938, 0
.word 936, 935, 787, 0
.word 795, 927, 936, 0
.word 795, 936, 786, 0
.word 786, 936, 787, 0
.word 920, 927, 795, 0
.word 794, 920, 795, 0
.word 787, 938, 778, 0
.word 778, 938, 779, 0
.word 938, 937, 939, 0
.word 938, 939, 779, 0
.word 940, 779, 939, 0
.word 771, 779, 940, 0
.word 937, 628, 939, 0
.word 940, 939, 629, 0
.word 629, 939, 628, 0
.word 638, 940, 629, 0
.word 646, 771, 940, 0
.word 646, 940, 638, 0
.word 937, 619, 628, 0
.word 930, 598, 599, 0
.word 941, 598, 930, 0
.word 931, 941, 930, 0
.word 941, 589, 598, 0
.word 54, 454, 941, 0
.word 54, 941, 931, 0
.word 454, 589, 941, 0
.word 55, 54, 931, 0
.word 55, 931, 923, 0
.word 57, 55, 923, 0
.word 454, 453, 589, 0
.word 676, 725, 726, 0
.word 676, 677, 725, 0
.word 725, 685, 717, 0
.word 677, 685, 725, 0
.word 685, 684, 718, 0
.word 685, 718, 717, 0
.word 684, 692, 718, 0
.word 718, 692, 708, 0
.word 697, 942, 698, 0
.word 696, 943, 697, 0
.word 943, 942, 697, 0
.word 943, 944, 942, 0
.word 945, 944, 943, 0
.word 946, 945, 943, 0
.word 946, 943, 696, 0
.word 947, 946, 696, 0
.word 947, 696, 689, 0
.word 948, 945, 946, 0
.word 949, 948, 946, 0
.word 949, 946, 947, 0
.word 948, 950, 945, 0
.word 950, 951, 945, 0
.word 945, 951, 944, 0
.word 952, 950, 948, 0
.word 953, 952, 948, 0
.word 953, 948, 949, 0
.word 954, 949, 947, 0
.word 955, 953, 949, 0
.word 955, 949, 954, 0
.word 246, 244, 953, 0
.word 246, 953, 955, 0
.word 244, 952, 953, 0
.word 242, 956, 952, 0
.word 952, 956, 950, 0
.word 244, 242, 952, 0
.word 242, 241, 956, 0
.word 241, 957, 956, 0
.word 956, 957, 958, 0
.word 956, 958, 950, 0
.word 241, 240, 957, 0
.word 950, 958, 951, 0
.word 251, 246, 955, 0
.word 251, 955, 959, 0
.word 959, 955, 954, 0
.word 504, 251, 959, 0
.word 504, 959, 960, 0
.word 959, 954, 961, 0
.word 960, 959, 961, 0
.word 961, 954, 688, 0
.word 954, 947, 688, 0
.word 680, 961, 681, 0
.word 961, 688, 681, 0
.word 960, 961, 680, 0
.word 503, 504, 960, 0
.word 503, 960, 962, 0
.word 962, 960, 680, 0
.word 962, 680, 673, 0
.word 502, 503, 962, 0
.word 502, 962, 672, 0
.word 672, 962, 673, 0
.word 500, 502, 672, 0
.word 500, 672, 665, 0
.word 499, 500, 665, 0
.word 499, 658, 495, 0
.word 495, 658, 657, 0
.word 495, 657, 493, 0
.word 493, 657, 963, 0
.word 657, 649, 963, 0
.word 493, 963, 491, 0
.word 963, 649, 650, 0
.word 963, 650, 964, 0
.word 491, 963, 964, 0
.word 491, 964, 490, 0
.word 490, 964, 965, 0
.word 964, 650, 966, 0
.word 964, 966, 965, 0
.word 650, 642, 966, 0
.word 965, 966, 967, 0
.word 966, 642, 641, 0
.word 966, 641, 967, 0
.word 490, 965, 285, 0
.word 965, 967, 968, 0
.word 285, 965, 968, 0
.word 967, 641, 969, 0
.word 967, 969, 970, 0
.word 968, 967, 970, 0
.word 641, 634, 969, 0
.word 969, 634, 635, 0
.word 969, 635, 971, 0
.word 970, 969, 971, 0
.word 970, 971, 972, 0
.word 968, 970, 973, 0
.word 973, 970, 972, 0
.word 286, 968, 973, 0
.word 285, 968, 286, 0
.word 286, 973, 288, 0
.word 973, 972, 974, 0
.word 288, 973, 974, 0
.word 972, 971, 975, 0
.word 972, 975, 976, 0
.word 974, 972, 976, 0
.word 971, 635, 977, 0
.word 971, 977, 975, 0
.word 635, 633, 977, 0
.word 977, 633, 978, 0
.word 977, 978, 979, 0
.word 975, 977, 979, 0
.word 975, 979, 980, 0
.word 976, 975, 980, 0
.word 976, 980, 981, 0
.word 974, 976, 982, 0
.word 982, 976, 981, 0
.word 981, 980, 983, 0
.word 980, 979, 984, 0
.word 980, 984, 983, 0
.word 979, 978, 985, 0
.word 979, 985, 984, 0
.word 983, 984, 986, 0
.word 984, 985, 987, 0
.word 984, 987, 986, 0
.word 981, 983, 988, 0
.word 983, 986, 989, 0
.word 988, 983, 989, 0
.word 989, 986, 990, 0
.word 986, 987, 991, 0
.word 986, 991, 990, 0
.word 985, 992, 987, 0
.word 987, 992, 993, 0
.word 987, 993, 991, 0
.word 991, 993, 994, 0
.word 991, 994, 995, 0
.word 990, 991, 995, 0
.word 989, 990, 996, 0
.word 996, 990, 997, 0
.word 990, 995, 997, 0
.word 997, 995, 998, 0
.word 995, 994, 999, 0
.word 995, 999, 998, 0
.word 993, 1000, 994, 0
.word 994, 1000, 1001, 0
.word 994, 1001, 999, 0
.word 998, 999, 1002, 0
.word 999, 1001, 1003, 0
.word 999, 1003, 1002, 0
.word 997, 998, 1004, 0
.word 998, 1002, 1005, 0
.word 1004, 998, 1005, 0
.word 1005, 1002, 1006, 0
.word 1002, 1003, 1007, 0
.word 1002, 1007, 1006, 0
.word 1001, 1008, 1003, 0
.word 1003, 1008, 1009, 0
.word 1003, 1009, 1007, 0
.word 1007, 1009, 1010, 0
.word 1007, 1010, 1011, 0
.word 1006, 1007, 1011, 0
.word 1005, 1006, 1012, 0
.word 1012, 1006, 1013, 0
.word 1006, 1011, 1013, 0
.word 1013, 1011, 1014, 0
.word 1011, 1010, 1015, 0
.word 1011, 1015, 1014, 0
.word 1016, 1015, 1010, 0
.word 1017, 1016, 1010, 0
.word 1017, 1010, 1009, 0
.word 1018, 443, 1015, 0
.word 1016, 1018, 1015, 0
.word 1014, 1015, 443, 0
.word 1013, 1014, 1019, 0
.word 1014, 443, 442, 0
.word 1019, 1014, 442, 0
.word 1018, 444, 443, 0
.word 1020, 1021, 1018, 0
.word 1020, 1018, 1016, 0
.word 1021, 444, 1018, 0
.word 1021, 431, 444, 0
.word 1022, 431, 1021, 0
.word 1023, 1022, 1021, 0
.word 1023, 1021, 1020, 0
.word 1024, 1023, 1020, 0
.word 1024, 1020, 1025, 0
.word 1025, 1020, 1016, 0
.word 1026, 1027, 1023, 0
.word 1026, 1023, 1024, 0
.word 1027, 1022, 1023, 0
.word 1028, 1026, 1024, 0
.word 1028, 1024, 1029, 0
.word 1029, 1024, 1025, 0
.word 1029, 1025, 1030, 0
.word 1030, 1025, 1017, 0
.word 1025, 1016, 1017, 0
.word 1031, 1028, 1029, 0
.word 1031, 1029, 1032, 0
.word 1032, 1029, 1030, 0
.word 1033, 1026, 1028, 0
.word 1033, 1028, 1031, 0
.word 1034, 1033, 1031, 0
.word 1034, 1031, 1035, 0
.word 1035, 1031, 1032, 0
.word 1035, 1032, 1036, 0
.word 1032, 1030, 1037, 0
.word 1036, 1032, 1037, 0
.word 1038, 1034, 1035, 0
.word 1038, 1035, 1039, 0
.word 1039, 1035, 1036, 0
.word 1040, 1033, 1034, 0
.word 1041, 1040, 1034, 0
.word 1041, 1034, 1038, 0
.word 585, 1041, 1038, 0
.word 585, 1038, 593, 0
.word 593, 1038, 1039, 0
.word 593, 1039, 594, 0
.word 594, 1039, 1042, 0
.word 1039, 1036, 1042, 0
.word 594, 1042, 603, 0
.word 1042, 1036, 1043, 0
.word 1042, 1043, 1044, 0
.word 603, 1042, 1044, 0
.word 603, 1044, 604, 0
.word 604, 1044, 1045, 0
.word 1044, 1043, 1046, 0
.word 1044, 1046, 1045, 0
.word 1036, 1037, 1043, 0
.word 1043, 1037, 1047, 0
.word 1043, 1047, 1046, 0
.word 1045, 1046, 1048, 0
.word 1046, 1047, 1049, 0
.word 1046, 1049, 1048, 0
.word 1037, 1050, 1047, 0
.word 1047, 1050, 1008, 0
.word 1047, 1008, 1049, 0
.word 1037, 1030, 1050, 0
.word 1030, 1017, 1050, 0
.word 1050, 1017, 1009, 0
.word 1050, 1009, 1008, 0
.word 1001, 1049, 1008, 0
.word 1000, 1048, 1049, 0
.word 1000, 1049, 1001, 0
.word 1051, 1048, 1000, 0
.word 993, 1051, 1000, 0
.word 992, 1052, 1051, 0
.word 992, 1051, 993, 0
.word 1052, 1053, 1051, 0
.word 1051, 1053, 1048, 0
.word 1054, 1052, 992, 0
.word 985, 1054, 992, 0
.word 623, 614, 1052, 0
.word 1054, 623, 1052, 0
.word 1052, 614, 1053, 0
.word 1045, 1048, 1053, 0
.word 613, 1045, 1053, 0
.word 613, 1053, 614, 0
.word 604, 1045, 613, 0
.word 624, 623, 1054, 0
.word 978, 624, 1054, 0
.word 978, 1054, 985, 0
.word 633, 624, 978, 0
.word 584, 1041, 585, 0
.word 419, 1055, 584, 0
.word 584, 1055, 1041, 0
.word 1055, 1040, 1041, 0
.word 419, 420, 1055, 0
.word 420, 1056, 1055, 0
.word 1055, 1056, 1040, 0
.word 1056, 1057, 1040, 0
.word 1040, 1057, 1033, 0
.word 420, 422, 1056, 0
.word 422, 1058, 1056, 0
.word 1056, 1058, 1057, 0
.word 1058, 1027, 1057, 0
.word 1057, 1027, 1026, 0
.word 1057, 1026, 1033, 0
.word 422, 423, 1058, 0
.word 423, 1059, 1058, 0
.word 1058, 1059, 1027, 0
.word 1027, 1059, 1022, 0
.word 423, 424, 1059, 0
.word 1059, 424, 426, 0
.word 1059, 426, 1022, 0
.word 1022, 426, 431, 0
.word 1019, 442, 441, 0
.word 1060, 1013, 1019, 0
.word 1060, 1019, 1061, 0
.word 1061, 1019, 441, 0
.word 1061, 441, 350, 0
.word 1062, 1060, 1061, 0
.word 1062, 1061, 1063, 0
.word 1063, 1061, 350, 0
.word 1012, 1013, 1060, 0
.word 1064, 1012, 1060, 0
.word 1064, 1060, 1062, 0
.word 1065, 1066, 1062, 0
.word 1065, 1062, 1063, 0
.word 1066, 1064, 1062, 0
.word 338, 1065, 1063, 0
.word 338, 1063, 348, 0
.word 1063, 350, 348, 0
.word 337, 1067, 1065, 0
.word 337, 1065, 338, 0
.word 1067, 1066, 1065, 0
.word 1067, 1068, 1066, 0
.word 1068, 1069, 1066, 0
.word 1066, 1069, 1064, 0
.word 1070, 1068, 1067, 0
.word 340, 1070, 1067, 0
.word 340, 1067, 337, 0
.word 1070, 1071, 1068, 0
.word 1068, 1072, 1069, 0
.word 1071, 1072, 1068, 0
.word 1072, 1004, 1069, 0
.word 1069, 1004, 1073, 0
.word 1069, 1073, 1064, 0
.word 1072, 997, 1004, 0
.word 996, 997, 1072, 0
.word 1071, 996, 1072, 0
.word 1004, 1005, 1073, 0
.word 1073, 1005, 1012, 0
.word 1073, 1012, 1064, 0
.word 1074, 989, 996, 0
.word 1074, 996, 1071, 0
.word 1075, 988, 1074, 0
.word 1075, 1074, 1076, 0
.word 1076, 1074, 1071, 0
.word 988, 989, 1074, 0
.word 346, 1077, 1075, 0
.word 346, 1075, 345, 0
.word 1077, 988, 1075, 0
.word 345, 1075, 1076, 0
.word 1077, 981, 988, 0
.word 982, 981, 1077, 0
.word 347, 982, 1077, 0
.word 347, 1077, 346, 0
.word 291, 974, 982, 0
.word 291, 982, 347, 0
.word 288, 974, 291, 0
.word 345, 1076, 342, 0
.word 342, 1076, 1070, 0
.word 1076, 1071, 1070, 0
.word 342, 1070, 340, 0
.word 688, 947, 689, 0
.word 851, 575, 1078, 0
.word 851, 1078, 1079, 0
.word 847, 851, 1079, 0
.word 575, 571, 1080, 0
.word 575, 1080, 1078, 0
.word 1078, 1080, 1081, 0
.word 1078, 1081, 1082, 0
.word 1079, 1078, 1082, 0
.word 1079, 1082, 1083, 0
.word 847, 1079, 1084, 0
.word 1084, 1079, 1083, 0
.word 843, 847, 1084, 0
.word 843, 1084, 1085, 0
.word 1084, 1083, 1086, 0
.word 1085, 1084, 1086, 0
.word 840, 843, 1085, 0
.word 1085, 1086, 1087, 0
.word 840, 1085, 1088, 0
.word 1088, 1085, 1087, 0
.word 1087, 1086, 1089, 0
.word 1083, 1089, 1086, 0
.word 1088, 1087, 1090, 0
.word 1087, 1089, 1091, 0
.word 1087, 1091, 1092, 0
.word 1087, 1092, 1090, 0
.word 837, 840, 1088, 0
.word 837, 1088, 1093, 0
.word 1093, 1088, 1090, 0
.word 1093, 1090, 1094, 0
.word 1094, 1090, 1092, 0
.word 1094, 1092, 1095, 0
.word 1096, 1095, 1092, 0
.word 1096, 1092, 1091, 0
.word 1096, 1091, 1089, 0
.word 1096, 1097, 1098, 0
.word 1096, 1098, 1099, 0
.word 1096, 1100, 1101, 0
.word 1096, 1101, 1097, 0
.word 1096, 1102, 1103, 0
.word 1096, 1103, 1104, 0
.word 1096, 1105, 1106, 0
.word 1096, 1106, 1107, 0
.word 1096, 1108, 1109, 0
.word 1096, 1109, 1100, 0
.word 1096, 1104, 1110, 0
.word 1096, 1110, 1095, 0
.word 1096, 1107, 1111, 0
.word 1096, 1111, 1102, 0
.word 1096, 1089, 1112, 0
.word 1096, 1099, 1113, 0
.word 1096, 1113, 1105, 0
.word 1096, 1112, 1114, 0
.word 1096, 1114, 1108, 0
.word 1094, 1095, 1110, 0
.word 1115, 1093, 1094, 0
.word 1115, 1094, 1116, 0
.word 1094, 1110, 1116, 0
.word 904, 838, 1115, 0
.word 904, 1115, 1117, 0
.word 838, 1093, 1115, 0
.word 1117, 1115, 1116, 0
.word 838, 837, 1093, 0
.word 1117, 1116, 1118, 0
.word 1118, 1116, 1110, 0
.word 1118, 1110, 1104, 0
.word 1119, 1117, 1118, 0
.word 1119, 1118, 1120, 0
.word 1118, 1104, 1103, 0
.word 1118, 1103, 1120, 0
.word 906, 904, 1117, 0
.word 906, 1117, 1119, 0
.word 913, 906, 1119, 0
.word 913, 1119, 1121, 0
.word 1121, 1119, 1120, 0
.word 1121, 1120, 1122, 0
.word 1122, 1120, 1103, 0
.word 1122, 1103, 1102, 0
.word 1123, 1121, 1122, 0
.word 1123, 1122, 1124, 0
.word 1122, 1102, 1111, 0
.word 1122, 1111, 1124, 0
.word 916, 913, 1121, 0
.word 916, 1121, 1123, 0
.word 542, 916, 1123, 0
.word 542, 1123, 1125, 0
.word 1125, 1123, 1124, 0
.word 1125, 1124, 1126, 0
.word 1126, 1124, 1111, 0
.word 1126, 1111, 1107, 0
.word 1127, 1125, 1126, 0
.word 1127, 1126, 1128, 0
.word 1126, 1107, 1106, 0
.word 1126, 1106, 1128, 0
.word 540, 542, 1125, 0
.word 540, 1125, 1127, 0
.word 539, 540, 1127, 0
.word 539, 1127, 1129, 0
.word 1129, 1127, 1128, 0
.word 1129, 1128, 1130, 0
.word 1130, 1128, 1106, 0
.word 1130, 1106, 1105, 0
.word 1131, 1129, 1130, 0
.word 1131, 1130, 1132, 0
.word 1130, 1105, 1113, 0
.word 1130, 1113, 1132, 0
.word 545, 539, 1129, 0
.word 545, 1129, 1131, 0
.word 546, 545, 1131, 0
.word 546, 1131, 1133, 0
.word 1133, 1131, 1132, 0
.word 1133, 1132, 1134, 0
.word 1134, 1132, 1113, 0
.word 1134, 1113, 1099, 0
.word 1135, 1133, 1134, 0
.word 1135, 1134, 1136, 0
.word 1134, 1099, 1098, 0
.word 1134, 1098, 1136, 0
.word 548, 546, 1133, 0
.word 548, 1133, 1135, 0
.word 553, 548, 1135, 0
.word 553, 1135, 1137, 0
.word 1137, 1135, 1136, 0
.word 1137, 1136, 1138, 0
.word 1138, 1136, 1098, 0
.word 1138, 1098, 1097, 0
.word 1139, 1137, 1138, 0
.word 1139, 1138, 1140, 0
.word 1138, 1097, 1101, 0
.word 1138, 1101, 1140, 0
.word 574, 553, 1137, 0
.word 574, 1137, 1139, 0
.word 573, 574, 1139, 0
.word 573, 1139, 1141, 0
.word 1141, 1139, 1140, 0
.word 1141, 1140, 1142, 0
.word 1142, 1140, 1101, 0
.word 1142, 1101, 1100, 0
.word 1143, 1141, 1142, 0
.word 1143, 1142, 1144, 0
.word 1142, 1100, 1109, 0
.word 1142, 1109, 1144, 0
.word 572, 573, 1141, 0
.word 572, 1141, 1143, 0
.word 571, 572, 1143, 0
.word 571, 1143, 1080, 0
.word 1080, 1143, 1144, 0
.word 1080, 1144, 1081, 0
.word 1081, 1144, 1109, 0
.word 1081, 1109, 1108, 0
.word 1081, 1108, 1114, 0
.word 1081, 1114, 1082, 0
.word 1083, 1082, 1114, 0
.word 1083, 1114, 1112, 0
.word 1083, 1112, 1089, 0
.word 705, 1145, 1146, 0
.word 705, 1146, 228, 0
.word 702, 1145, 705, 0
.word 1145, 1147, 1148, 0
.word 1145, 1148, 1146, 0
.word 1149, 1147, 1145, 0
.word 702, 1149, 1145, 0
.word 1146, 1148, 1150, 0
.word 1146, 1150, 1151, 0
.word 228, 1146, 1151, 0
.word 228, 1151, 224, 0
.word 224, 1151, 1152, 0
.word 1151, 1150, 1153, 0
.word 1151, 1153, 1152, 0
.word 224, 1152, 225, 0
.word 1152, 1153, 1154, 0
.word 1152, 1154, 1155, 0
.word 225, 1152, 1155, 0
.word 1150, 1156, 1153, 0
.word 1154, 1153, 1156, 0
.word 1155, 1154, 1157, 0
.word 1154, 1158, 1159, 0
.word 1154, 1159, 1157, 0
.word 1154, 1156, 1158, 0
.word 226, 1155, 1160, 0
.word 1155, 1157, 1160, 0
.word 225, 1155, 226, 0
.word 1160, 1157, 1161, 0
.word 1161, 1157, 1159, 0
.word 1162, 1163, 1159, 0
.word 1162, 1159, 1158, 0
.word 1161, 1159, 1163, 0
.word 1162, 1158, 1156, 0
.word 1162, 1164, 1165, 0
.word 1162, 1165, 1163, 0
.word 1162, 1166, 1167, 0
.word 1162, 1167, 1168, 0
.word 1162, 1169, 1170, 0
.word 1162, 1170, 1171, 0
.word 1162, 1156, 1172, 0
.word 1162, 1173, 1174, 0
.word 1162, 1174, 1166, 0
.word 1162, 1168, 1175, 0
.word 1162, 1175, 1169, 0
.word 1162, 1176, 1177, 0
.word 1162, 1177, 1178, 0
.word 1162, 1178, 1179, 0
.word 1162, 1179, 1173, 0
.word 1162, 1171, 1180, 0
.word 1162, 1180, 1164, 0
.word 1162, 1172, 1181, 0
.word 1162, 1181, 1176, 0
.word 1147, 1177, 1176, 0
.word 1147, 1176, 1181, 0
.word 1147, 1181, 1148, 0
.word 1150, 1148, 1181, 0
.word 1150, 1181, 1172, 0
.word 1149, 1182, 1147, 0
.word 1147, 1182, 1177, 0
.word 700, 1183, 1149, 0
.word 700, 1149, 702, 0
.word 1183, 1182, 1149, 0
.word 1183, 1184, 1182, 0
.word 1184, 1177, 1182, 0
.word 1185, 1184, 1183, 0
.word 699, 1185, 1183, 0
.word 699, 1183, 700, 0
.word 1185, 1186, 1184, 0
.word 1184, 1178, 1177, 0
.word 1184, 1186, 1179, 0
.word 1184, 1179, 1178, 0
.word 698, 1187, 1185, 0
.word 698, 1185, 699, 0
.word 1187, 1186, 1185, 0
.word 1187, 1188, 1186, 0
.word 1188, 1179, 1186, 0
.word 1188, 1173, 1179, 0
.word 1189, 1190, 1188, 0
.word 1189, 1188, 1187, 0
.word 1188, 1190, 1174, 0
.word 1188, 1174, 1173, 0
.word 942, 1189, 1187, 0
.word 942, 1187, 698, 0
.word 944, 1191, 1189, 0
.word 944, 1189, 942, 0
.word 1191, 1190, 1189, 0
.word 1191, 1192, 1190, 0
.word 1192, 1174, 1190, 0
.word 1192, 1166, 1174, 0
.word 1193, 1194, 1192, 0
.word 1193, 1192, 1191, 0
.word 1192, 1194, 1167, 0
.word 1192, 1167, 1166, 0
.word 951, 1193, 1191, 0
.word 951, 1191, 944, 0
.word 958, 1195, 1193, 0
.word 958, 1193, 951, 0
.word 1195, 1194, 1193, 0
.word 1195, 1196, 1194, 0
.word 1196, 1167, 1194, 0
.word 1196, 1168, 1167, 0
.word 1197, 1198, 1196, 0
.word 1197, 1196, 1195, 0
.word 1196, 1198, 1175, 0
.word 1196, 1175, 1168, 0
.word 957, 1197, 1195, 0
.word 957, 1195, 958, 0
.word 240, 1199, 1197, 0
.word 240, 1197, 957, 0
.word 1199, 1198, 1197, 0
.word 1199, 1200, 1198, 0
.word 1200, 1175, 1198, 0
.word 1200, 1169, 1175, 0
.word 1201, 1202, 1200, 0
.word 1201, 1200, 1199, 0
.word 1200, 1202, 1170, 0
.word 1200, 1170, 1169, 0
.word 190, 1201, 1199, 0
.word 190, 1199, 240, 0
.word 189, 1203, 1201, 0
.word 189, 1201, 190, 0
.word 1203, 1202, 1201, 0
.word 1203, 1204, 1202, 0
.word 1204, 1170, 1202, 0
.word 1204, 1171, 1170, 0
.word 1205, 1206, 1204, 0
.word 1205, 1204, 1203, 0
.word 1204, 1206, 1180, 0
.word 1204, 1180, 1171, 0
.word 192, 1205, 1203, 0
.word 192, 1203, 189, 0
.word 193, 1207, 1205, 0
.word 193, 1205, 192, 0
.word 1207, 1206, 1205, 0
.word 1207, 1208, 1206, 0
.word 1208, 1180, 1206, 0
.word 1208, 1164, 1180, 0
.word 1209, 1210, 1208, 0
.word 1209, 1208, 1207, 0
.word 1208, 1210, 1165, 0
.word 1208, 1165, 1164, 0
.word 196, 1209, 1207, 0
.word 196, 1207, 193, 0
.word 202, 1211, 1209, 0
.word 202, 1209, 196, 0
.word 1211, 1210, 1209, 0
.word 1211, 1161, 1210, 0
.word 1161, 1165, 1210, 0
.word 1161, 1163, 1165, 0
.word 1160, 1161, 1211, 0
.word 227, 1160, 1211, 0
.word 227, 1211, 202, 0
.word 226, 1160, 227, 0
.word 1150, 1172, 1156, 0
.word 1212, 1213, 1214, 0
.word 1212, 1214, 1215, 0
.word 1216, 1212, 1215, 0
.word 1213, 1217, 1218, 0
.word 1213, 1218, 1214, 0
.word 1219, 1215, 1214, 0
.word 1219, 1214, 1220, 0
.word 1220, 1214, 1218, 0
.word 1216, 1215, 1221, 0
.word 1222, 1221, 1215, 0
.word 1222, 1215, 1219, 0
.word 1223, 1216, 1221, 0
.word 1223, 1221, 1224, 0
.word 1225, 1224, 1221, 0
.word 1225, 1221, 1222, 0
.word 1226, 1222, 1219, 0
.word 1227, 1225, 1222, 0
.word 1227, 1222, 1226, 0
.word 1228, 1229, 1225, 0
.word 1228, 1225, 1227, 0
.word 1229, 1224, 1225, 0
.word 1230, 1223, 1224, 0
.word 1230, 1224, 1231, 0
.word 1229, 1231, 1224, 0
.word 1232, 1233, 1229, 0
.word 1232, 1229, 1228, 0
.word 1233, 1231, 1229, 0
.word 1234, 1235, 1228, 0
.word 1234, 1228, 1227, 0
.word 1235, 1232, 1228, 0
.word 1236, 1237, 1232, 0
.word 1235, 1236, 1232, 0
.word 1237, 1233, 1232, 0
.word 1233, 1238, 1231, 0
.word 1239, 1238, 1233, 0
.word 1237, 1239, 1233, 0
.word 1236, 1240, 1237, 0
.word 1241, 1239, 1237, 0
.word 1240, 1241, 1237, 0
.word 1241, 1242, 1239, 0
.word 1242, 1243, 1239, 0
.word 1239, 1243, 1238, 0
.word 1244, 1231, 1238, 0
.word 1245, 1244, 1238, 0
.word 1245, 1238, 1243, 0
.word 1246, 1245, 1243, 0
.word 1246, 1243, 1247, 0
.word 1242, 1247, 1243, 0
.word 1248, 1246, 1247, 0
.word 1248, 1247, 1249, 0
.word 1250, 1249, 1247, 0
.word 1250, 1247, 1242, 0
.word 1251, 1248, 1249, 0
.word 1251, 1249, 1252, 0
.word 1253, 1252, 1249, 0
.word 1253, 1249, 1250, 0
.word 1254, 1253, 1250, 0
.word 1254, 1250, 1255, 0
.word 1255, 1250, 1242, 0
.word 1256, 1257, 1253, 0
.word 1256, 1253, 1254, 0
.word 1257, 1252, 1253, 0
.word 1258, 1256, 1254, 0
.word 1259, 1258, 1254, 0
.word 1259, 1254, 1255, 0
.word 1255, 1242, 1241, 0
.word 1260, 1259, 1255, 0
.word 1260, 1255, 1241, 0
.word 1240, 1260, 1241, 0
.word 1258, 1261, 1256, 0
.word 1262, 1257, 1256, 0
.word 1261, 1262, 1256, 0
.word 1261, 1263, 1262, 0
.word 1264, 1265, 1262, 0
.word 1263, 1264, 1262, 0
.word 1262, 1265, 1257, 0
.word 1263, 1266, 1264, 0
.word 1264, 1267, 1265, 0
.word 1268, 1267, 1264, 0
.word 1266, 1268, 1264, 0
.word 1267, 1269, 1265, 0
.word 1265, 1269, 1270, 0
.word 1265, 1270, 1257, 0
.word 1267, 1271, 1269, 0
.word 1268, 1272, 1267, 0
.word 1272, 1271, 1267, 0
.word 1266, 1273, 1268, 0
.word 1274, 1272, 1268, 0
.word 1273, 1274, 1268, 0
.word 1272, 1275, 1271, 0
.word 1274, 1276, 1272, 0
.word 1276, 1275, 1272, 0
.word 1277, 1278, 1271, 0
.word 1277, 1271, 1275, 0
.word 1278, 1269, 1271, 0
.word 1279, 1277, 1275, 0
.word 1279, 1275, 1280, 0
.word 1276, 1280, 1275, 0
.word 1281, 1282, 1276, 0
.word 1281, 1276, 1274, 0
.word 1282, 1280, 1276, 0
.word 1283, 1279, 1280, 0
.word 1283, 1280, 1284, 0
.word 1282, 1284, 1280, 0
.word 1285, 1286, 1282, 0
.word 1285, 1282, 1281, 0
.word 1286, 1284, 1282, 0
.word 1287, 1288, 1281, 0
.word 1287, 1281, 1274, 0
.word 1288, 1285, 1281, 0
.word 1289, 1290, 1285, 0
.word 1288, 1289, 1285, 0
.word 1290, 1286, 1285, 0
.word 1291, 1292, 1286, 0
.word 1286, 1292, 1284, 0
.word 1290, 1291, 1286, 0
.word 1289, 1293, 1290, 0
.word 1294, 1291, 1290, 0
.word 1293, 1294, 1290, 0
.word 1294, 1295, 1291, 0
.word 1295, 1296, 1291, 0
.word 1291, 1296, 1292, 0
.word 1297, 1284, 1292, 0
.word 1298, 1297, 1292, 0
.word 1298, 1292, 1296, 0
.word 1299, 1298, 1296, 0
.word 1299, 1296, 1300, 0
.word 1295, 1300, 1296, 0
.word 1301, 1299, 1300, 0
.word 1301, 1300, 1302, 0
.word 1303, 1302, 1300, 0
.word 1303, 1300, 1295, 0
.word 1304, 1301, 1302, 0
.word 1304, 1302, 1305, 0
.word 1306, 1305, 1302, 0
.word 1306, 1302, 1303, 0
.word 1307, 1306, 1303, 0
.word 1307, 1303, 1308, 0
.word 1308, 1303, 1295, 0
.word 1309, 1305, 1306, 0
.word 1310, 1309, 1306, 0
.word 1310, 1306, 1307, 0
.word 1311, 1310, 1307, 0
.word 1312, 1311, 1307, 0
.word 1312, 1307, 1308, 0
.word 1308, 1295, 1294, 0
.word 1313, 1312, 1308, 0
.word 1313, 1308, 1294, 0
.word 1293, 1313, 1294, 0
.word 1311, 1314, 1310, 0
.word 1315, 1309, 1310, 0
.word 1314, 1315, 1310, 0
.word 1314, 1316, 1315, 0
.word 1317, 1220, 1315, 0
.word 1316, 1317, 1315, 0
.word 1315, 1220, 1309, 0
.word 1316, 1318, 1317, 0
.word 1317, 1219, 1220, 0
.word 1226, 1219, 1317, 0
.word 1318, 1226, 1317, 0
.word 1220, 1218, 1309, 0
.word 1309, 1218, 1305, 0
.word 1217, 1305, 1218, 0
.word 1217, 1304, 1305, 0
.word 1318, 1319, 1226, 0
.word 1319, 1227, 1226, 0
.word 1319, 1234, 1227, 0
.word 1297, 1283, 1284, 0
.word 1273, 1287, 1274, 0
.word 1320, 1270, 1269, 0
.word 1278, 1320, 1269, 0
.word 1320, 1321, 1270, 0
.word 1321, 1252, 1270, 0
.word 1257, 1270, 1252, 0
.word 1321, 1251, 1252, 0
.word 1244, 1230, 1231, 0
.word 1322, 1323, 1324, 0
.word 1322, 1324, 1325, 0
.word 1326, 1323, 1322, 0
.word 1326, 1327, 1323, 0
.word 1328, 1329, 1323, 0
.word 1328, 1323, 1327, 0
.word 1329, 1324, 1323, 0
.word 1325, 1324, 1330, 0
.word 1329, 1331, 1324, 0
.word 1331, 1330, 1324, 0
.word 1325, 1330, 1332, 0
.word 1332, 1330, 1333, 0
.word 1331, 1334, 1330, 0
.word 1334, 1333, 1330, 0
.word 1335, 1336, 1331, 0
.word 1335, 1331, 1329, 0
.word 1336, 1334, 1331, 0
.word 1337, 1335, 1329, 0
.word 1337, 1329, 1328, 0
.word 1278, 1336, 1335, 0
.word 1320, 1278, 1335, 0
.word 1320, 1335, 1337, 0
.word 1278, 1277, 1336, 0
.word 1277, 1338, 1336, 0
.word 1336, 1338, 1334, 0
.word 1277, 1279, 1338, 0
.word 1279, 1339, 1338, 0
.word 1338, 1339, 1340, 0
.word 1338, 1340, 1334, 0
.word 1279, 1283, 1339, 0
.word 1283, 1341, 1339, 0
.word 1339, 1341, 1342, 0
.word 1339, 1342, 1340, 0
.word 1334, 1340, 1333, 0
.word 1340, 1342, 1343, 0
.word 1340, 1343, 1333, 0
.word 1341, 1344, 1342, 0
.word 1342, 1344, 1345, 0
.word 1342, 1345, 1343, 0
.word 1345, 1346, 1343, 0
.word 1347, 1333, 1343, 0
.word 1347, 1343, 1346, 0
.word 1332, 1333, 1347, 0
.word 1345, 1348, 1346, 0
.word 1349, 1348, 1345, 0
.word 1344, 1349, 1345, 0
.word 1349, 1350, 1348, 0
.word 1351, 1350, 1349, 0
.word 1352, 1351, 1349, 0
.word 1344, 1352, 1349, 0
.word 1351, 1353, 1350, 0
.word 1354, 1353, 1351, 0
.word 1355, 1354, 1351, 0
.word 1352, 1355, 1351, 0
.word 1356, 1355, 1352, 0
.word 1357, 1356, 1352, 0
.word 1357, 1352, 1344, 0
.word 1358, 1359, 1355, 0
.word 1355, 1359, 1354, 0
.word 1356, 1358, 1355, 0
.word 1299, 1358, 1356, 0
.word 1298, 1299, 1356, 0
.word 1298, 1356, 1357, 0
.word 1297, 1298, 1357, 0
.word 1297, 1357, 1341, 0
.word 1341, 1357, 1344, 0
.word 1283, 1297, 1341, 0
.word 1299, 1301, 1358, 0
.word 1301, 1360, 1358, 0
.word 1358, 1360, 1359, 0
.word 1301, 1304, 1360, 0
.word 1360, 1361, 1362, 0
.word 1360, 1362, 1359, 0
.word 1304, 1361, 1360, 0
.word 1304, 1217, 1361, 0
.word 1217, 1363, 1361, 0
.word 1361, 1363, 1364, 0
.word 1361, 1364, 1362, 0
.word 1359, 1362, 1365, 0
.word 1362, 1364, 1366, 0
.word 1362, 1366, 1365, 0
.word 1363, 1367, 1364, 0
.word 1364, 1367, 1368, 0
.word 1364, 1368, 1366, 0
.word 1369, 1365, 1366, 0
.word 1369, 1366, 1370, 0
.word 1370, 1366, 1368, 0
.word 1365, 1369, 1371, 0
.word 1365, 1371, 1354, 0
.word 1359, 1365, 1354, 0
.word 1354, 1371, 1353, 0
.word 1370, 1368, 1372, 0
.word 1372, 1368, 1373, 0
.word 1367, 1373, 1368, 0
.word 1372, 1373, 1374, 0
.word 1374, 1373, 1375, 0
.word 1367, 1376, 1373, 0
.word 1376, 1375, 1373, 0
.word 1374, 1375, 1377, 0
.word 1377, 1375, 1378, 0
.word 1376, 1379, 1375, 0
.word 1379, 1378, 1375, 0
.word 1380, 1381, 1376, 0
.word 1380, 1376, 1367, 0
.word 1381, 1379, 1376, 0
.word 1381, 1382, 1379, 0
.word 1382, 1383, 1379, 0
.word 1379, 1383, 1378, 0
.word 1212, 1216, 1381, 0
.word 1212, 1381, 1380, 0
.word 1216, 1382, 1381, 0
.word 1216, 1223, 1382, 0
.word 1223, 1384, 1382, 0
.word 1382, 1384, 1383, 0
.word 1384, 1385, 1383, 0
.word 1383, 1385, 1386, 0
.word 1383, 1386, 1378, 0
.word 1223, 1230, 1384, 0
.word 1230, 1387, 1384, 0
.word 1384, 1387, 1385, 0
.word 1387, 1388, 1385, 0
.word 1385, 1388, 1389, 0
.word 1385, 1389, 1386, 0
.word 1390, 1378, 1386, 0
.word 1390, 1386, 1391, 0
.word 1389, 1391, 1386, 0
.word 1377, 1378, 1390, 0
.word 1389, 1392, 1391, 0
.word 1393, 1392, 1389, 0
.word 1388, 1393, 1389, 0
.word 1393, 1394, 1392, 0
.word 1395, 1394, 1393, 0
.word 1396, 1395, 1393, 0
.word 1388, 1396, 1393, 0
.word 1395, 1397, 1394, 0
.word 1398, 1397, 1395, 0
.word 1399, 1398, 1395, 0
.word 1396, 1399, 1395, 0
.word 1400, 1399, 1396, 0
.word 1401, 1400, 1396, 0
.word 1401, 1396, 1388, 0
.word 1402, 1403, 1399, 0
.word 1399, 1403, 1398, 0
.word 1400, 1402, 1399, 0
.word 1246, 1402, 1400, 0
.word 1245, 1246, 1400, 0
.word 1245, 1400, 1401, 0
.word 1244, 1245, 1401, 0
.word 1244, 1401, 1387, 0
.word 1387, 1401, 1388, 0
.word 1230, 1244, 1387, 0
.word 1246, 1248, 1402, 0
.word 1248, 1404, 1402, 0
.word 1402, 1404, 1403, 0
.word 1248, 1251, 1404, 0
.word 1251, 1405, 1404, 0
.word 1404, 1405, 1406, 0
.word 1404, 1406, 1403, 0
.word 1251, 1321, 1405, 0
.word 1321, 1337, 1405, 0
.word 1405, 1337, 1328, 0
.word 1405, 1328, 1406, 0
.word 1403, 1406, 1407, 0
.word 1406, 1328, 1327, 0
.word 1406, 1327, 1407, 0
.word 1403, 1407, 1398, 0
.word 1327, 1408, 1407, 0
.word 1407, 1408, 1409, 0
.word 1407, 1409, 1398, 0
.word 1327, 1326, 1408, 0
.word 1398, 1409, 1397, 0
.word 1321, 1320, 1337, 0
.word 1213, 1212, 1380, 0
.word 1213, 1380, 1363, 0
.word 1363, 1380, 1367, 0
.word 1217, 1213, 1363, 0
.word 1316, 1314, 1311, 0
.word 1316, 1311, 1318, 0
.word 1318, 1311, 1312, 0
.word 1318, 1312, 1319, 0
.word 1319, 1312, 1313, 0
.word 1319, 1313, 1234, 0
.word 1234, 1313, 1293, 0
.word 1234, 1293, 1235, 0
.word 1235, 1293, 1289, 0
.word 1235, 1289, 1236, 0
.word 1236, 1289, 1288, 0
.word 1236, 1288, 1240, 0
.word 1240, 1288, 1287, 0
.word 1240, 1287, 1260, 0
.word 1260, 1287, 1273, 0
.word 1260, 1273, 1259, 0
.word 1259, 1273, 1266, 0
.word 1259, 1266, 1258, 0
.word 1258, 1266, 1263, 0
.word 1258, 1263, 1261, 0
.word 1410, 1411, 1412, 0
.word 1410, 1412, 1413, 0
.word 1410, 1413, 1414, 0
.word 1410, 1414, 1415, 0
.word 1416, 1410, 1415, 0
.word 1417, 1411, 1410, 0
.word 1417, 1410, 1416, 0
.word 1418, 1414, 1413, 0
.word 1419, 1418, 1413, 0
.word 1419, 1413, 1412, 0
.word 1420, 1421, 1418, 0
.word 1418, 1421, 1414, 0
.word 1422, 1420, 1418, 0
.word 1422, 1418, 1419, 0
.word 1423, 1422, 1419, 0
.word 1423, 1419, 1424, 0
.word 1424, 1419, 1412, 0
.word 1425, 1420, 1422, 0
.word 1426, 1425, 1422, 0
.word 1426, 1422, 1423, 0
.word 1427, 1426, 1423, 0
.word 1427, 1423, 1428, 0
.word 1428, 1423, 1424, 0
.word 1424, 1412, 1429, 0
.word 1428, 1424, 1430, 0
.word 1430, 1424, 1429, 0
.word 1431, 1429, 1412, 0
.word 1431, 1412, 1411, 0
.word 1430, 1429, 1432, 0
.word 1433, 1432, 1429, 0
.word 1433, 1429, 1431, 0
.word 1434, 1428, 1430, 0
.word 1434, 1430, 1435, 0
.word 1435, 1430, 1432, 0
.word 1435, 1432, 1436, 0
.word 1436, 1432, 1433, 0
.word 1436, 1433, 1437, 0
.word 1438, 1437, 1433, 0
.word 1438, 1433, 1439, 0
.word 1439, 1433, 1431, 0
.word 1440, 1435, 1436, 0
.word 1440, 1436, 1441, 0
.word 1436, 1437, 1442, 0
.word 1436, 1442, 1441, 0
.word 1443, 1434, 1435, 0
.word 1443, 1435, 1440, 0
.word 1444, 1443, 1440, 0
.word 1444, 1440, 1445, 0
.word 1445, 1440, 1441, 0
.word 1445, 1441, 1446, 0
.word 1446, 1441, 1442, 0
.word 1447, 1444, 1445, 0
.word 1447, 1445, 1448, 0
.word 1448, 1445, 1446, 0
.word 1449, 1443, 1444, 0
.word 1450, 1449, 1444, 0
.word 1450, 1444, 1447, 0
.word 1449, 1451, 1443, 0
.word 1451, 1434, 1443, 0
.word 1452, 1453, 1449, 0
.word 1452, 1449, 1450, 0
.word 1454, 1451, 1449, 0
.word 1454, 1449, 1453, 0
.word 1451, 1455, 1434, 0
.word 1425, 1455, 1451, 0
.word 1425, 1451, 1454, 0
.word 1455, 1428, 1434, 0
.word 1455, 1427, 1428, 0
.word 1426, 1427, 1455, 0
.word 1426, 1455, 1425, 0
.word 1425, 1454, 1420, 0
.word 1454, 1453, 1456, 0
.word 1454, 1456, 1420, 0
.word 1420, 1456, 1421, 0
.word 1457, 1421, 1456, 0
.word 1457, 1456, 1458, 0
.word 1458, 1456, 1453, 0
.word 1459, 1414, 1421, 0
.word 1459, 1421, 1457, 0
.word 1414, 1459, 1460, 0
.word 1414, 1460, 1415, 0
.word 1460, 1461, 1462, 0
.word 1460, 1462, 1415, 0
.word 1416, 1415, 1462, 0
.word 1463, 1416, 1462, 0
.word 1463, 1462, 1464, 0
.word 1461, 1464, 1462, 0
.word 1461, 1465, 1464, 0
.word 1466, 1463, 1464, 0
.word 1466, 1464, 1467, 0
.word 1465, 1467, 1464, 0
.word 1468, 1469, 1463, 0
.word 1468, 1463, 1466, 0
.word 1469, 1416, 1463, 0
.word 1469, 1417, 1416, 0
.word 1470, 1471, 1469, 0
.word 1470, 1469, 1468, 0
.word 1471, 1417, 1469, 0
.word 1472, 1473, 1468, 0
.word 1472, 1468, 1466, 0
.word 1473, 1470, 1468, 0
.word 1474, 1471, 1470, 0
.word 1473, 1474, 1470, 0
.word 1471, 1475, 1417, 0
.word 1474, 1476, 1471, 0
.word 1476, 1475, 1471, 0
.word 1475, 1411, 1417, 0
.word 1475, 1431, 1411, 0
.word 1476, 1439, 1475, 0
.word 1439, 1431, 1475, 0
.word 1473, 1477, 1476, 0
.word 1473, 1476, 1474, 0
.word 1477, 1439, 1476, 0
.word 1472, 1477, 1473, 0
.word 1472, 1478, 1477, 0
.word 1478, 1438, 1477, 0
.word 1477, 1438, 1439, 0
.word 1479, 1480, 1478, 0
.word 1479, 1478, 1472, 0
.word 1480, 1481, 1478, 0
.word 1478, 1481, 1438, 0
.word 1481, 1437, 1438, 0
.word 1480, 1482, 1481, 0
.word 1482, 1442, 1481, 0
.word 1481, 1442, 1437, 0
.word 1483, 1484, 1480, 0
.word 1483, 1480, 1479, 0
.word 1484, 1482, 1480, 0
.word 1482, 1485, 1442, 0
.word 1484, 1486, 1482, 0
.word 1486, 1485, 1482, 0
.word 1446, 1442, 1485, 0
.word 1486, 1487, 1485, 0
.word 1488, 1446, 1485, 0
.word 1488, 1485, 1487, 0
.word 1448, 1446, 1488, 0
.word 1479, 1467, 1489, 0
.word 1479, 1489, 1483, 0
.word 1479, 1472, 1466, 0
.word 1479, 1466, 1467, 0
.word 1465, 1489, 1467, 0
.word 1458, 1453, 1452, 0
