0.707107 0.000000 0.707107 0.000000
0.000000 1.000000 0.000000 0.000000
-0.707107 0.000000 0.707107 -2.000000
0.000000 0.000000 0.000000 1.000000
nan nan nan nan
1.000000 -0.000000 0.000000 -0.000000
0.000000 0.955779 -0.294086 -0.000000
-0.000000 0.294086 0.955779 -6.800735
0.000000 0.000000 0.000000 1.000000
nan nan nan nan
1.810660 0.000000 0.000000 0.000000
0.000000 2.414213 0.000000 0.000000
0.000000 0.000000 -1.002002 -0.200200
0.000000 0.000000 -1.000000 0.000000
nan nan nan nan
1.280330 0.000000 1.280330 0.000000
0.502036 2.307454 -0.502036 1.419972
0.677191 -0.294675 -0.677191 8.529534
0.675838 -0.294086 -0.675838 8.712293
