.float 1.00, 1.00, 0.99, 0.98
.float 0.97, 0.95, 0.93, 0.90
.float 0.87, 0.84, 0.81, 0.77
.float 0.72, 0.68, 0.63, 0.58
.float 0.53, 0.47, 0.42, 0.36
.float 0.30, 0.24, 0.17, 0.11
.float 0.05, -0.02, -0.08, -0.14
.float -0.20, -0.27, -0.33, -0.39
.float -0.44, -0.50, -0.55, -0.61
.float -0.65, -0.70, -0.75, -0.79
.float -0.82, -0.86, -0.89, -0.92
.float -0.94, -0.96, -0.98, -0.99
.float -1.00, -1.00, -1.00, -1.00
.float -0.99, -0.98, -0.96, -0.94
.float -0.92, -0.89, -0.86, -0.82
.float -0.79, -0.75, -0.70, -0.65
.float -0.61, -0.55, -0.50, -0.44
.float -0.39, -0.33, -0.27, -0.20
.float -0.14, -0.08, -0.02, 0.05
.float 0.11, 0.17, 0.24, 0.30
.float 0.36, 0.42, 0.47, 0.53
.float 0.58, 0.63, 0.68, 0.72
.float 0.77, 0.81, 0.84, 0.87
.float 0.90, 0.93, 0.95, 0.97
.float 0.98, 0.99, 1.00, 1.00

.float 0.00, 0.06, 0.13, 0.19
.float 0.25, 0.31, 0.37, 0.43
.float 0.49, 0.54, 0.59, 0.64
.float 0.69, 0.73, 0.78, 0.81
.float 0.85, 0.88, 0.91, 0.93
.float 0.95, 0.97, 0.98, 0.99
.float 1.00, 1.00, 1.00, 0.99
.float 0.98, 0.96, 0.95, 0.92
.float 0.90, 0.87, 0.83, 0.80
.float 0.76, 0.71, 0.67, 0.62
.float 0.57, 0.51, 0.46, 0.40
.float 0.34, 0.28, 0.22, 0.16
.float 0.10, 0.03, -0.03, -0.10
.float -0.16, -0.22, -0.28, -0.34
.float -0.40, -0.46, -0.51, -0.57
.float -0.62, -0.67, -0.71, -0.76
.float -0.80, -0.83, -0.87, -0.90
.float -0.92, -0.95, -0.96, -0.98
.float -0.99, -1.00, -1.00, -1.00
.float -0.99, -0.98, -0.97, -0.95
.float -0.93, -0.91, -0.88, -0.85
.float -0.81, -0.78, -0.73, -0.69
.float -0.64, -0.59, -0.54, -0.49
.float -0.43, -0.37, -0.31, -0.25
.float -0.19, -0.13, -0.06, -0.00
