mass_A
t;x;y;v
0.0;-0.7898013430353439;0.1642836388574302;0
0.016683333333333394;-0.7897187525339227;0.1647487344306054;0.11550271833299489
0.033366666666666676;-0.7859489008255396;0.16417617745774737;0.23803291529391055
0.050049999999999956;-0.7818287847847999;0.16383792722662777;0.3514376462529058
0.06673333333333323;-0.7744089106764537;0.16625819682303983;0.4036917607727164
0.08341666666666663;-0.7684666943249656;0.165538325692064;0.35088249492262424
0.10009999999999991;-0.7627722914261028;0.1649693262613694;0.5624193496909424
0.11678333333333331;-0.7507477441110147;0.15935740565482248;0.582265877203814
0.1334666666666667;-0.7446310850741558;0.15801559610495053;0.38699177278543423
0.15014999999999987;-0.7381024105226768;0.1567437041870579;0.32054358505333164
0.16683333333333314;-0.7350341655241973;0.15329413085647198;0.31556902053263414
0.18351666666666655;-0.7285309135885698;0.15235547805676625;0.49333064710728713
0.20019999999999993;-0.7186147423931422;0.15212774486918557;0.5404078910886622
0.21688333333333332;-0.7106581364461217;0.14996742546479075;0.5145710800240373
0.2335666666666665;-0.7019445326427591;0.1480171996007183;0.5395762598023498
0.25024999999999986;-0.6930379766497984;0.1462702661585814;0.5750296783004355
0.2669333333333333;-0.6831376142769179;0.14421798633861999;0.5814099934493242
0.2836166666666667;-0.6740001969134454;0.14254041031978432;0.5532173088940968
0.30029999999999984;-0.6649976414853265;0.1408008653770455;0.6183392309131382
0.31698333333333323;-0.653805545399971;0.1383152319720664;0.7093014484921227
0.3336666666666666;-0.6418729765704505;0.13576321266654273;0.693455854551909
0.35035000000000005;-0.6311137049256348;0.13379176188861236;0.7018413849419687
0.36703333333333343;-0.6189629073521741;0.1309117706781312;0.8003995168201674
0.3837166666666666;-0.6051339963254099;0.12760301108295619;0.8296099642922263
0.4004;-0.5920712889068377;0.12434699445762909;0.8118353054454631
0.41708333333333336;-0.5788959418671548;0.12086972529172935;0.8488085818480711
0.43376666666666674;-0.5647856826681484;0.11675578579375201;0.8850517588397081
0.4504500000000002;-0.5495751194001978;0.1173508136467577;0.9703488428803465
0.46713333333333334;-0.5330221618476901;0.11048133647844371;0.9842149094838155
0.48381666666666673;-0.5191864276008324;0.10490127173835401;0.965184149307323
0.5005000000000002;-0.5025515680832232;0.10005523895479096;1.0750991814660351
0.5171833333333336;-0.48584756366685755;0.09165911604107452;1.1171227232683902
0.5338666666666667;-0.4693237470711798;0.08316404884883849;1.1482139131632194
0.5505499999999999;-0.4508007056773508;0.07618227780114223;1.2085411244110462
0.5672333333333333;-0.4322127182809952;0.06738823609696964;1.266576917821889
0.5839166666666666;-0.4121366360479548;0.05912004286619793;1.322807132578438
0.6006;-0.3915917546202499;0.050123510421500705;1.3495293248582634
0.6172833333333332;-0.370742284702293;0.04139590403164656;1.3833837783310767
0.6339666666666666;-0.34814608592456026;0.03453125530406559;1.4341609662826325
0.65065;-0.3248253318355421;0.02792150588511333;1.4664329452448555
0.6673333333333333;-0.3016795883429664;0.01920130180914975;1.4984550518142328
0.6840166666666665;-0.2771302611310652;0.012920664049284991;1.5263111813343586
0.7006999999999999;-0.25189568815777186;0.008467432378844175;1.5369074547745076
0.7173833333333334;-0.2263947008251953;0.005457890951391542;1.5489166123180302
0.7340666666666668;-0.200351364275565;0.004695052585480308;1.5389446926010069
0.7507500000000001;-0.1750550859763419;0.006463093652686935;1.5189175450884205
0.7674333333333333;-0.14989284471589803;0.009440935054353505;1.487334789528051
0.7841166666666667;-0.12652848261947014;0.016857708061538856;1.4577441032669098
0.8008000000000001;-0.10348358919835388;0.024002411377748667;1.4147349094774575
0.8174833333333335;-0.08240461755059814;0.033632553433995294;1.3686574516313323
0.8341666666666666;-0.06220452630776829;0.04353604646519488;1.3144378439054614
0.85085;-0.04306434209863874;0.0530207663926236;1.2577515989958974
0.8675333333333334;-0.024719011919292377;0.06240569095379728;1.201381289718361
0.8842166666666668;-0.007236065060055141;0.07099933970800187;1.143192753471105
0.9009000000000003;0.00965061770621789;0.07895059487838446;1.103162654728508
0.9175833333333334;0.02620143496824867;0.08638848552620543;1.0456130980773326
0.9342666666666668;0.04256517649497049;0.09051985949762181;1.004589921729559
0.95095;0.05756905427014791;0.09820587080107296;0.9902003900917545
0.9676333333333333;0.07321796609804043;0.10284979719480009;0.9533084700315518
0.9843166666666665;0.08930963492461896;0.10028687687568849;0.9567361049222436
1.001;0.10511117506943746;0.10146878423694655;0.9463787446663325
1.0176833333333333;0.12084597271369879;0.10189875928572462;0.9364165752252945
1.0343666666666669;0.13634970411031178;0.10210953402656647;0.9363617676173935
1.0510500000000003;0.15205442284981596;0.10042409946054032;0.9489670686729622
1.0677333333333332;0.16773748671640287;0.09793728873115504;0.9600533559242703
1.0844166666666666;0.1838139919269216;0.09624165365173526;0.9824953318717902
1.1011;0.20000367643163763;0.09214147244930254;1.0020918891252228
1.1177833333333334;0.21644531386091515;0.08894822581084155;1.0292851845591424
1.1344666666666667;0.2334725563165091;0.08443876167898134;1.065160423486067
1.1511500000000001;0.25075003250308814;0.07965637473485526;1.0785317775088707
1.167833333333333;0.2688216460372054;0.07769289131723367;1.152920976621803
1.1845166666666664;0.28855942041314353;0.07256242360274806;1.1829567271104822
1.2011999999999998;0.30567043913040226;0.06354539080551092;1.1918235624846185
1.2178833333333332;0.3251962913423817;0.057097357916641445;1.2423157251033468
1.2345666666666666;0.3450871819113731;0.050716389346403934;1.2721847393831447
1.25125;0.3654200466480523;0.04353527450597022;1.3252887361671675
1.2679333333333334;0.3872198026609307;0.037289103157171155;1.3647998653545856
1.2846166666666667;0.40865651061039376;0.02923868368759136;1.3956304370643637
1.3013000000000001;0.43116823450787345;0.021892002504642738;1.4290349507030224
1.317983333333333;0.45369752612311076;0.013589635307679149;1.481671011507577
1.3346666666666664;0.478582004291655;0.007888714356455828;1.5610753217258513
1.3513499999999998;0.5011968717729206;-0.007786973298036737;1.6016324733655956
1.3680333333333332;0.5261338642502152;-0.01649930982570269;1.5910175905288049
1.3847166666666666;0.5513018842967045;-0.025328705337444135;1.644879887851504
1.4014000000000002;0.5778364143027616;-0.034914445419276574;1.6636306683330284
1.4180833333333336;0.6033104348547357;-0.04473101631818188;1.7202115458148843
1.434766666666667;0.6312462759324352;-0.0559355192272577;1.7796773506308912
1.4514500000000004;0.6581457158427987;-0.06751921759303581;NaN
