.float -9.84134317e-07, 2.85752797, -1.04546225, 1.0
.float -9.98569817e-07, 3.13345504, -1.04841363, 1.0
.float 0.25641644, 3.13336754, -1.02886605, 1.0
.float 0.252184868, 2.85752797, -1.02551281, 1.0
.float -9.84949224e-07, 2.5851388, -1.03848183, 1.0
.float -0.252186835, 2.85752797, -1.0255127, 1.0
.float -0.256418437, 3.13336754, -1.02886581, 1.0
.float 0.501476586, 3.13323903, -0.972472727, 1.0
.float 0.496262401, 2.85752797, -0.968774378, 1.0
.float 0.246041015, 2.5851388, -1.01744914, 1.0
.float -9.87859607e-07, 2.34752274, -1.03218341, 1.0
.float -0.246042982, 2.5851388, -1.01744926, 1.0
.float 0.240693316, 2.34752274, -1.00996268, 1.0
.float 0.48596856, 2.5851388, -0.956595719, 1.0
.float 0.723616302, 3.13246775, -0.881293356, 1.0
.float 0.722629488, 2.85694981, -0.878573596, 1.0
.float 0.476090968, 2.34752274, -0.94368583, 1.0
.float 0.711661458, 2.58474398, -0.860040605, 1.0
.float -9.84949224e-07, 2.1678617, -1.0277096, 1.0
.float 0.238325551, 2.16786194, -1.0048703, 1.0
.float 0.471385419, 2.1678617, -0.935023487, 1.0
.float 0.698942423, 2.34728813, -0.837575734, 1.0
.float 0.915708184, 2.8529017, -0.752875268, 1.0
.float 0.906976938, 2.58198166, -0.734909475, 1.0
.float 0.692225814, 2.16774845, -0.821885526, 1.0
.float 0.894186795, 2.3456471, -0.710438311, 1.0
.float 0.470081717, 2.02297401, -0.92153734, 1.0
.float 0.237855971, 2.02297401, -0.992218554, 1.0
.float 0.689705491, 2.02295828, -0.806506932, 1.0
.float 0.887149513, 2.16695499, -0.69200778, 1.0
.float 1.04669535, 2.34211087, -0.575505257, 1.0
.float 1.05626369, 2.57602191, -0.585713327, 1.0
.float 0.884398401, 2.02284861, -0.676779628, 1.0
.float 1.04197145, 2.16524506, -0.564800084, 1.0
.float 0.469112247, 1.88357198, -0.893903315, 1.0
.float 0.68744421, 1.88306952, -0.782860518, 1.0
.float 1.0409919, 2.02261066, -0.554242671, 1.0
.float 0.881802261, 1.88326824, -0.658640385, 1.0
.float 1.14887953, 2.33986402, -0.409124821, 1.0
.float 1.14730108, 2.16415453, -0.408272505, 1.0
.float 1.1483165, 2.02244639, -0.403530538, 1.0
.float 1.04013503, 1.88479567, -0.542098403, 1.0
.float 0.682541072, 1.73784137, -0.75107348, 1.0
.float 0.875849664, 1.73625863, -0.633757055, 1.0
.float 1.0365082, 1.74164283, -0.522029638, 1.0
.float 1.14916408, 1.88612998, -0.396703839, 1.0
.float 1.19768965, 2.16503143, -0.192042053, 1.0
.float 1.19913876, 2.02254581, -0.19055748, 1.0
.float 1.14831007, 1.74797106, -0.381283641, 1.0
.float 1.19966269, 1.88582313, -0.187493026, 1.0
.float 0.863929808, 1.57874823, -0.599727511, 1.0
.float 1.02820051, 1.59075809, -0.488837987, 1.0
.float 1.14492917, 1.60690868, -0.351471722, 1.0
.float 1.19907522, 1.7489233, -0.178568542, 1.0
.float 1.19996834, 2.02281094, 0.0563908257, 1.0
.float 1.19984019, 1.88487065, 0.0568420589, 1.0
.float 1.19763076, 1.61138594, -0.159894168, 1.0
.float 1.19877124, 1.7470907, 0.0596879087, 1.0
.float 1.13980079, 1.46519935, -0.312626183, 1.0
.float 1.01650202, 1.44154668, -0.446487516, 1.0
.float 1.19556129, 1.47220099, -0.135343313, 1.0
.float 1.19758189, 1.60908413, 0.0664210171, 1.0
.float 1.0033313, 1.30264115, -0.403082311, 1.0
.float 1.1336844, 1.3249104, -0.274296284, 1.0
.float 0.846414447, 1.42509556, -0.557591379, 1.0
.float 0.825534523, 1.28813362, -0.511269569, 1.0
.float 0.807974219, 1.1571703, -0.472769648, 1.0
.float 0.989923358, 1.16778636, -0.374127954, 1.0
.float 1.12565124, 1.18403053, -0.2516388, 1.0
.float 1.19256055, 1.33039188, -0.111248709, 1.0
.float 0.977674603, 1.02915215, -0.370376557, 1.0
.float 1.11552334, 1.04051852, -0.254460394, 1.0
.float 0.612214863, 1.17071438, -0.552446663, 1.0
.float 0.799368382, 1.01928687, -0.451909393, 1.0
.float 1.10780823, 0.896285295, -0.265558332, 1.0
.float 0.969311357, 0.887497663, -0.376166701, 1.0
.float 1.17533183, 1.03842974, -0.0950030163, 1.0
.float 1.16628134, 0.891420126, -0.0992614552, 1.0
.float 1.10610294, 0.753592491, -0.266490668, 1.0
.float 1.16445482, 0.747145891, -0.099108316, 1.0
.float 0.796700537, 0.87618947, -0.441664904, 1.0
.float 0.966497898, 0.745259285, -0.374215811, 1.0
.float 1.10567176, 0.612162113, -0.260868043, 1.0
.float 1.16433501, 0.605086088, -0.0961857662, 1.0
.float 1.16401792, 0.736879826, 0.0930313319, 1.0
.float 1.16378105, 0.5937922, 0.0906307548, 1.0
.float 1.15937924, 0.466774702, -0.0940493271, 1.0
.float 1.15862679, 0.454776764, 0.0873946622, 1.0
.float 1.10106921, 0.473685503, -0.256102681, 1.0
.float 0.965318263, 0.602992296, -0.367171407, 1.0
.float 1.14914012, 0.333170652, 0.0848919004, 1.0
.float 1.14987361, 0.344999552, -0.0925807282, 1.0
.float 1.09234178, 0.350301981, -0.2527619, 1.0
.float 0.961569488, 0.463184357, -0.361171365, 1.0
.float 0.793854773, 0.588565111, -0.424823433, 1.0
.float 0.795465708, 0.732335567, -0.43289414, 1.0
.float 0.791181386, 0.447251797, -0.418314278, 1.0
.float 0.955478609, 0.337917805, -0.356384575, 1.0
.float 0.647615731, 0.581868649, -0.45132181, 1.0
.float 0.64872241, 0.726721764, -0.460437089, 1.0
.float 0.642574549, 0.874054432, -0.476975828, 1.0
.float 0.518818021, 0.874334812, -0.475328177, 1.0
.float 0.533251226, 0.725992441, -0.458449274, 1.0
.float 0.532898307, 0.58091259, -0.449272722, 1.0
.float 0.645880401, 0.439885855, -0.444611222, 1.0
.float 0.425036013, 0.868771791, -0.425696403, 1.0
.float 0.442959964, 0.725297689, -0.421149135, 1.0
.float 0.475573957, 1.02784514, -0.507947803, 1.0
.float 0.625239909, 1.02458119, -0.50649333, 1.0
.float 0.390086889, 1.19177127, -0.581069171, 1.0
.float 0.371707708, 1.00734329, -0.426277161, 1.0
.float 0.352426469, 0.86154604, -0.321731091, 1.0
.float 0.279010922, 1.12123966, -0.432983607, 1.0
.float 0.303952992, 0.98483181, -0.294490308, 1.0
.float 0.293480396, 0.858290672, -0.164004415, 1.0
.float 0.368185282, 0.724393845, -0.329519808, 1.0
.float 0.223768011, 1.08196473, -0.269717962, 1.0
.float 0.259812295, 0.975199223, -0.142022341, 1.0
.float 0.184166595, 1.25427318, -0.614280999, 1.0
.float 0.147023201, 1.18336964, -0.444914073, 1.0
.float 0.118487097, 1.14169145, -0.267591059, 1.0
.float 0.197154343, 1.0667522, -0.12254221, 1.0
.float 0.254266143, 0.858014822, 0.0239017606, 1.0
.float 0.235860437, 0.974366903, 0.0221138224, 1.0
.float 0.188483536, 1.06533527, 0.0157607757, 1.0
.float 0.106348686, 1.12562299, -0.120932825, 1.0
.float -9.8879093e-07, 1.20121384, -0.452196568, 1.0
.float -9.8879093e-07, 1.16163492, -0.272373974, 1.0
.float -9.8879093e-07, 1.14635587, -0.124716245, 1.0
.float 0.104750499, 1.12389493, 0.00492855161, 1.0
.float 0.190641567, 1.06825209, 0.159736842, 1.0
.float 0.231734723, 0.976321697, 0.191432476, 1.0
.float -9.8879093e-07, 1.14455056, -0.00122205168, 1.0
.float 0.107631877, 1.12658906, 0.131518334, 1.0
.float -0.10635066, 1.12562299, -0.12093281, 1.0
.float -0.104752488, 1.12389493, 0.00492855906, 1.0
.float -9.8879093e-07, 1.14684343, 0.119342178, 1.0
.float -0.107633851, 1.12658906, 0.131518334, 1.0
.float -0.188485503, 1.06533527, 0.0157607757, 1.0
.float -0.190643549, 1.06825209, 0.159736857, 1.0
.float -0.118489079, 1.14169168, -0.267591059, 1.0
.float -0.19715631, 1.06675243, -0.122542195, 1.0
.float -0.235862404, 0.974366665, 0.0221138299, 1.0
.float -0.231736675, 0.976321459, 0.191432476, 1.0
.float -0.223769993, 1.08196497, -0.269717991, 1.0
.float -0.259814322, 0.975198984, -0.142022341, 1.0
.float -0.147025153, 1.18336987, -0.444914013, 1.0
.float -0.279012889, 1.12123966, -0.432983547, 1.0
.float -0.303954959, 0.984831572, -0.294490248, 1.0
.float -0.25426811, 0.858014584, 0.0239017457, 1.0
.float -0.293482393, 0.858290672, -0.164004415, 1.0
.float -0.371709675, 1.00734329, -0.42627719, 1.0
.float -0.352428436, 0.86154604, -0.321731061, 1.0
.float -0.184168562, 1.25427341, -0.614281058, 1.0
.float -0.390088886, 1.19177127, -0.581069171, 1.0
.float -0.475575924, 1.02784514, -0.507947743, 1.0
.float -0.42503795, 0.868771791, -0.425696433, 1.0
.float -0.368187219, 0.724394083, -0.329519838, 1.0
.float -0.442961931, 0.725297689, -0.421149105, 1.0
.float -0.518820047, 0.874334574, -0.475328237, 1.0
.float -0.533253312, 0.72599268, -0.458449215, 1.0
.float -0.625241995, 1.02458096, -0.50649327, 1.0
.float -0.642576635, 0.874054432, -0.476975769, 1.0
.float -0.648724377, 0.726721764, -0.460437149, 1.0
.float -0.532900393, 0.58091259, -0.449272722, 1.0
.float -0.647617698, 0.581869364, -0.45132181, 1.0
.float -0.442770392, 0.580912113, -0.413785458, 1.0
.float -0.531898856, 0.438947439, -0.442582279, 1.0
.float -0.64587456, 0.439998865, -0.44462201, 1.0
.float -0.791184008, 0.447365284, -0.418323457, 1.0
.float -0.79385674, 0.588564873, -0.424823403, 1.0
.float -0.795467734, 0.732336044, -0.43289414, 1.0
.float -0.961581886, 0.463295937, -0.361177653, 1.0
.float -0.965320289, 0.602993011, -0.367171347, 1.0
.float -0.788560867, 0.321444511, -0.412473857, 1.0
.float -0.955563605, 0.338810444, -0.356434733, 1.0
.float -0.646203101, 0.313481331, -0.43821314, 1.0
.float -0.787169337, 0.223763466, -0.406420231, 1.0
.float -0.948758364, 0.242382526, -0.352028906, 1.0
.float -1.09248185, 0.351161718, -0.252790779, 1.0
.float -1.08175707, 0.257149696, -0.250048429, 1.0
.float -0.943045378, 0.177630424, -0.348533154, 1.0
.float -1.0723356, 0.194595575, -0.248003095, 1.0
.float -0.649534881, 0.215337276, -0.431282669, 1.0
.float -0.786677599, 0.158087254, -0.40136382, 1.0
.float -0.93900013, 0.14355588, -0.34513548, 1.0
.float -1.06587684, 0.161809683, -0.245746106, 1.0
.float -1.12202418, 0.16530323, -0.088315554, 1.0
.float -1.12867928, 0.195993423, -0.0897292867, 1.0
.float -1.05547059, 0.149024963, -0.237242937, 1.0
.float -1.1119808, 0.154053688, -0.083361946, 1.0
.float -0.786108434, 0.123506784, -0.396889001, 1.0
.float -0.931599677, 0.129926443, -0.333997607, 1.0
.float -0.783417046, 0.109627962, -0.38405785, 1.0
.float -0.656081378, 0.114604473, -0.420341194, 1.0
.float -0.653604865, 0.149348736, -0.425383866, 1.0
.float -0.657561004, 0.100659847, -0.406698912, 1.0
.float -0.549297094, 0.148100615, -0.423511058, 1.0
.float -0.554178238, 0.113332748, -0.418509752, 1.0
.float -0.541626513, 0.214133024, -0.429346889, 1.0
.float -0.467359781, 0.148100376, -0.390699238, 1.0
.float -0.456856549, 0.214133501, -0.395673633, 1.0
.float -0.558956742, 0.0993785858, -0.404919654, 1.0
.float -0.474132836, 0.11333251, -0.386299342, 1.0
.float -0.398844451, 0.148100615, -0.306017488, 1.0
.float -0.38597253, 0.214133024, -0.309974909, 1.0
.float -0.373519868, 0.312343359, -0.314757645, 1.0
.float -0.446858615, 0.312343597, -0.401629657, 1.0
.float -0.323092192, 0.214133501, -0.160760731, 1.0
.float -0.308469504, 0.312343597, -0.163921565, 1.0
.float -0.407199502, 0.113332033, -0.302479029, 1.0
.float -0.338057339, 0.148100376, -0.158027917, 1.0
.float -0.262362719, 0.312343359, 0.0155626573, 1.0
.float -0.278478116, 0.214133024, 0.0129155926, 1.0
.float -0.254013062, 0.438947439, 0.0183306225, 1.0
.float -0.301064968, 0.438946962, -0.166756481, 1.0
.float -0.238933682, 0.438946962, 0.196783751, 1.0
.float -0.24754703, 0.312343597, 0.183231816, 1.0
.float -0.294878513, 0.148100615, 0.0108497143, 1.0
.float -0.264050186, 0.214133501, 0.168690473, 1.0
.float -0.280813575, 0.148100376, 0.156563208, 1.0
.float -0.305596352, 0.113332033, 0.00997865573, 1.0
.float -0.347811192, 0.11333251, -0.155667931, 1.0
.float -0.29178521, 0.11333251, 0.149620548, 1.0
.float -0.318423599, 0.0993783474, 0.0113271102, 1.0
.float -0.359282255, 0.099378109, -0.149212658, 1.0
.float -0.416745871, 0.0993783474, -0.292154193, 1.0
.float -0.481507987, 0.099378109, -0.373691827, 1.0
.float -0.305032194, 0.099378109, 0.145359263, 1.0
.float -0.253203273, 0.58091259, 0.0209616832, 1.0
.float -0.238032073, 0.580912113, 0.208683997, 1.0
.float -0.300559402, 0.580912113, -0.169689864, 1.0
.float -0.367476672, 0.438947439, -0.319478482, 1.0
.float -0.367404401, 0.58091259, -0.324873656, 1.0
.float -0.25636524, 0.72395277, 0.023113329, 1.0
.float -0.302548468, 0.723987579, -0.171600014, 1.0
.float -0.442353696, 0.438946962, -0.407386303, 1.0
.float -0.242939219, 0.858684301, 0.213637948, 1.0
.float -0.241723955, 0.724036694, 0.217207611, 1.0
.float -0.534564137, 0.312343597, -0.436212569, 1.0
.float -1.11415172, 0.146960974, 0.0864270478, 1.0
.float -1.12301004, 0.15743804, 0.0855268538, 1.0
.float -1.1291225, 0.187111378, 0.0849821419, 1.0
.float -1.13859451, 0.255098104, -0.0910684541, 1.0
.float -1.13837087, 0.244585037, 0.0843916982, 1.0
.float -1.1500206, 0.345807076, -0.0926003233, 1.0
.float -1.14927661, 0.333952904, 0.0848803446, 1.0
.float -1.10108852, 0.47379303, -0.256106317, 1.0
.float -1.15939927, 0.466875553, -0.0940517858, 1.0
.float -1.10567379, 0.612161636, -0.260868073, 1.0
.float -1.1643368, 0.605086088, -0.0961857513, 1.0
.float -1.15864551, 0.454874516, 0.0873932093, 1.0
.float -0.966499925, 0.745259047, -0.374215811, 1.0
.float -1.10610485, 0.75359273, -0.266490668, 1.0
.float -0.796702683, 0.87618947, -0.441664904, 1.0
.float -0.969313383, 0.88749814, -0.376166731, 1.0
.float -1.10781026, 0.896285295, -0.265558332, 1.0
.float -1.16445673, 0.747145653, -0.0991083011, 1.0
.float -0.799370348, 1.01928687, -0.451909333, 1.0
.float -0.97767663, 1.02915239, -0.370376527, 1.0
.float -0.807976246, 1.1571703, -0.472769648, 1.0
.float -0.61221689, 1.17071462, -0.552446604, 1.0
.float -0.989925325, 1.1677866, -0.374127924, 1.0
.float -1.11552501, 1.04051876, -0.254460365, 1.0
.float -1.00333309, 1.30264139, -0.403082311, 1.0
.float -0.825536609, 1.28813338, -0.511269629, 1.0
.float -0.628506541, 1.30380368, -0.610156119, 1.0
.float -1.01650405, 1.44154668, -0.446487457, 1.0
.float -0.846416533, 1.42509556, -0.557591379, 1.0
.float -1.1336863, 1.3249104, -0.274296284, 1.0
.float -1.13980269, 1.46519947, -0.312626183, 1.0
.float -1.02820253, 1.59075832, -0.488838047, 1.0
.float -1.1449312, 1.6069088, -0.351471722, 1.0
.float -0.654154062, 1.43751276, -0.665973604, 1.0
.float -0.863931835, 1.57874846, -0.599727571, 1.0
.float -1.14831197, 1.74797106, -0.381283641, 1.0
.float -1.03651011, 1.74164283, -0.522029638, 1.0
.float -1.19763267, 1.6113857, -0.159894139, 1.0
.float -1.19907713, 1.74892342, -0.178568542, 1.0
.float -1.19966483, 1.88582313, -0.187493026, 1.0
.float -1.14916599, 1.88612998, -0.396703809, 1.0
.float -0.875851631, 1.73625875, -0.633756995, 1.0
.float -1.04013693, 1.88479555, -0.542098403, 1.0
.float -1.19914055, 2.02254581, -0.19055748, 1.0
.float -1.14831841, 2.02244663, -0.403530538, 1.0
.float -1.1998421, 1.88487065, 0.0568420514, 1.0
.float -1.19997025, 2.02281094, 0.0563908294, 1.0
.float -1.19769156, 2.16503143, -0.192042112, 1.0
.float -1.19866574, 2.16669512, 0.0564431138, 1.0
.float -1.04099381, 2.02261066, -0.554242611, 1.0
.float -1.1473031, 2.16415453, -0.408272505, 1.0
.float -1.1975292, 2.34502125, 0.0566555746, 1.0
.float -1.19729614, 2.34168053, -0.190026253, 1.0
.float -1.04197335, 2.16524506, -0.564800084, 1.0
.float -1.14888132, 2.33986402, -0.409124821, 1.0
.float -0.884400368, 2.02284861, -0.676779628, 1.0
.float -0.881804347, 1.88326824, -0.658640385, 1.0
.float -0.88715148, 2.16695499, -0.69200772, 1.0
.float -1.04669714, 2.34211087, -0.575505257, 1.0
.float -1.1538626, 2.57219005, -0.403499216, 1.0
.float -1.19857836, 2.57511139, -0.182475895, 1.0
.float -0.894188881, 2.3456471, -0.710438311, 1.0
.float -1.05626559, 2.57602191, -0.585713327, 1.0
.float -0.689707518, 2.02295828, -0.806506991, 1.0
.float -0.692227781, 2.16774845, -0.821885586, 1.0
.float -0.698944449, 2.34728813, -0.837575674, 1.0
.float -0.906978965, 2.58198166, -0.734909415, 1.0
.float -1.15401459, 2.83840179, -0.393988103, 1.0
.float -1.06096649, 2.84415007, -0.589867115, 1.0
.float -0.915710211, 2.8529017, -0.752875268, 1.0
.float -0.711663485, 2.58474398, -0.860040665, 1.0
.float -0.471387416, 2.1678617, -0.935023487, 1.0
.float -0.476092935, 2.34752274, -0.94368583, 1.0
.float -0.485970587, 2.5851388, -0.956595719, 1.0
.float -0.722631454, 2.85694981, -0.878573656, 1.0
.float -0.910452545, 3.12723875, -0.752127409, 1.0
.float -1.05102396, 3.11584949, -0.583207726, 1.0
.float -0.496264368, 2.85752797, -0.968774378, 1.0
.float -0.723618269, 3.13246775, -0.881293356, 1.0
.float -0.240695283, 2.34752274, -1.0099628, 1.0
.float -0.501478612, 3.13323903, -0.972472727, 1.0
.float -0.892080545, 3.38749123, -0.737191916, 1.0
.float -0.71405077, 3.3931098, -0.868792892, 1.0
.float -0.499683291, 3.39410877, -0.962907732, 1.0
.float -0.695466101, 3.62625742, -0.843149424, 1.0
.float -0.863718867, 3.62094855, -0.714592159, 1.0
.float -1.02722025, 3.37485218, -0.569083393, 1.0
.float -0.991999388, 3.60940075, -0.551556945, 1.0
.float -0.826687574, 3.82039404, -0.68210423, 1.0
.float -0.943891823, 3.81140423, -0.529441714, 1.0
.float -1.07507896, 3.60356951, -0.361653864, 1.0
.float -1.01851964, 3.81095409, -0.34843573, 1.0
.float -1.11438942, 3.36678839, -0.37314868, 1.0
.float -1.10992324, 3.61332631, -0.154467523, 1.0
.float -1.04901505, 3.82552195, -0.148200363, 1.0
.float -0.938234806, 3.98371601, -0.33434698, 1.0
.float -0.961335301, 4.00442028, -0.141879767, 1.0
.float -1.0426755, 3.83875394, 0.0587838143, 1.0
.float -0.954033971, 4.01846457, 0.0592628084, 1.0
.float -1.15142548, 3.3732636, -0.160210639, 1.0
.float -1.10430312, 3.62529111, 0.0583754182, 1.0
.float -1.17953074, 3.11308837, -0.165904909, 1.0
.float -1.14636981, 3.38371325, 0.058044821, 1.0
.float -1.14091122, 3.10825372, -0.383765101, 1.0
.float -1.19495237, 2.84235072, -0.173105776, 1.0
.float -1.17511475, 3.12206364, 0.0577649362, 1.0
.float -1.19166398, 2.84969139, 0.0574477278, 1.0
.float -1.19711065, 2.58046365, 0.0570358485, 1.0
.float -0.831182361, 4.16710758, 0.0597289912, 1.0
.float -0.839393914, 4.15209055, -0.138678968, 1.0
.float -0.669038773, 4.28773403, 0.0600996986, 1.0
.float -0.677616894, 4.27105093, -0.141179383, 1.0
.float -0.824769735, 4.12349796, -0.327389747, 1.0
.float -0.670191705, 4.23289967, -0.334096164, 1.0
.float -0.878933012, 3.97464347, -0.503317893, 1.0
.float -0.785348892, 4.09813499, -0.488566607, 1.0
.float -0.646880388, 4.18770981, -0.503286541, 1.0
.float -0.475629896, 4.31147194, -0.347968727, 1.0
.float -0.462512195, 4.25039816, -0.529383361, 1.0
.float -0.452966392, 4.15806818, -0.682104111, 1.0
.float -0.629402518, 4.1167593, -0.637556374, 1.0
.float -0.782231033, 3.97794175, -0.637556314, 1.0
.float -0.739698648, 4.07278776, -0.593862474, 1.0
.float -0.64287436, 3.99572039, -0.733348191, 1.0
.float -0.459749579, 4.01677608, -0.799902737, 1.0
.float -0.239692882, 4.03407288, -0.841576695, 1.0
.float -0.236511871, 4.18588209, -0.712998331, 1.0
.float -0.247146741, 3.84461689, -0.934014618, 1.0
.float -0.475743473, 3.83587623, -0.883325815, 1.0
.float -0.670191407, 3.82831645, -0.799902737, 1.0
.float -0.253740728, 3.63181925, -0.991243184, 1.0
.float -0.490444452, 3.62828541, -0.935476482, 1.0
.float -9.90187914e-07, 3.63404489, -1.00995231, 1.0
.float -9.8506564e-07, 3.84912086, -0.951212108, 1.0
.float -9.8879093e-07, 3.39583683, -1.03946447, 1.0
.float -0.257196546, 3.39513683, -1.02010798, 1.0
.float 0.257194549, 3.39513683, -1.02010798, 1.0
.float 0.253738731, 3.63181925, -0.991243064, 1.0
.float 0.499681354, 3.39410877, -0.962907732, 1.0
.float 0.490442485, 3.62828541, -0.935476601, 1.0
.float 0.247144759, 3.84461689, -0.934014618, 1.0
.float 0.475741506, 3.83587623, -0.883325815, 1.0
.float 0.695464075, 3.62625742, -0.843149424, 1.0
.float 0.670189381, 3.82831645, -0.799902797, 1.0
.float 0.459747583, 4.01677608, -0.799902737, 1.0
.float 0.642872274, 3.99572039, -0.733348191, 1.0
.float 0.23969093, 4.03407288, -0.841576636, 1.0
.float 0.452964425, 4.15806818, -0.682104111, 1.0
.float 0.629400492, 4.1167593, -0.637556314, 1.0
.float 0.739696622, 4.07278776, -0.593862474, 1.0
.float 0.782229066, 3.97794151, -0.637556374, 1.0
.float 0.785346866, 4.09813499, -0.488566667, 1.0
.float 0.646878421, 4.18770981, -0.503286541, 1.0
.float 0.236509904, 4.18588209, -0.712998331, 1.0
.float 0.462510228, 4.25039816, -0.529383421, 1.0
.float 0.824767709, 4.12349796, -0.327389717, 1.0
.float 0.670189619, 4.23289967, -0.334096134, 1.0
.float 0.878931046, 3.97464347, -0.503317893, 1.0
.float 0.826685488, 3.82039404, -0.68210429, 1.0
.float 0.943889737, 3.81140423, -0.529441774, 1.0
.float 0.93823272, 3.98371601, -0.33434701, 1.0
.float 0.839391828, 4.15209055, -0.138678968, 1.0
.float 1.01851773, 3.81095409, -0.34843573, 1.0
.float 0.961333275, 4.00442028, -0.141879767, 1.0
.float 0.863716781, 3.62094855, -0.714592159, 1.0
.float 0.991997302, 3.60940075, -0.551557064, 1.0
.float 0.714048743, 3.3931098, -0.86879307, 1.0
.float 0.892078519, 3.38749123, -0.737191975, 1.0
.float 1.02721834, 3.37485218, -0.569083393, 1.0
.float 1.07507718, 3.60356951, -0.361653835, 1.0
.float 0.910450578, 3.12723875, -0.752127349, 1.0
.float 1.05102193, 3.11584949, -0.583207726, 1.0
.float 1.06096458, 2.84415007, -0.589867115, 1.0
.float 1.11438751, 3.36678839, -0.37314868, 1.0
.float 1.14090931, 3.10825372, -0.383765101, 1.0
.float 1.15401256, 2.83840179, -0.393988132, 1.0
.float 1.17952895, 3.11308837, -0.165904909, 1.0
.float 1.15142357, 3.3732636, -0.160210639, 1.0
.float 1.10992134, 3.61332631, -0.154467523, 1.0
.float 1.14636779, 3.38371325, 0.058044821, 1.0
.float 1.10430133, 3.62529111, 0.0583754182, 1.0
.float 1.04901314, 3.82552195, -0.148200363, 1.0
.float 1.04267359, 3.83875394, 0.0587838143, 1.0
.float 0.954031944, 4.01846457, 0.0592628084, 1.0
.float 0.831180334, 4.16710758, 0.0597289875, 1.0
.float 0.677614868, 4.27105093, -0.141179353, 1.0
.float 0.669036806, 4.28773403, 0.0600997023, 1.0
.float 0.475627929, 4.31147194, -0.347968698, 1.0
.float 0.478221744, 4.35811138, -0.146892637, 1.0
.float 0.24696067, 4.35831833, -0.360126197, 1.0
.float 0.241024107, 4.28875446, -0.550141335, 1.0
.float 0.470717251, 4.3765316, 0.0603716336, 1.0
.float 0.247472584, 4.40971279, -0.152273804, 1.0
.float -9.8879093e-07, 4.3737874, -0.365181655, 1.0
.float -9.82737333e-07, 4.30187607, -0.558289528, 1.0
.float -9.89722253e-07, 4.19609833, -0.72444129, 1.0
.float -0.246962652, 4.35831833, -0.360126168, 1.0
.float -0.241026059, 4.28875446, -0.550141275, 1.0
.float -9.83668656e-07, 4.42652845, -0.154621065, 1.0
.float -0.247474536, 4.40971279, -0.152273774, 1.0
.float -0.478223681, 4.35811138, -0.146892607, 1.0
.float -0.470719218, 4.3765316, 0.0603716299, 1.0
.float -0.243112683, 4.42920017, 0.0605532676, 1.0
.float -9.84134317e-07, 4.44634867, 0.060620863, 1.0
.float 0.243110701, 4.42920017, 0.0605532601, 1.0
.float -9.870447e-07, 4.04132175, -0.856210709, 1.0
.float 1.17511284, 3.12206364, 0.05776494, 1.0
.float 1.19495034, 2.84235072, -0.173105806, 1.0
.float 1.19166207, 2.84969139, 0.0574477166, 1.0
.float 1.15386057, 2.57219005, -0.403499216, 1.0
.float 1.19857633, 2.57511139, -0.182475835, 1.0
.float 1.19729412, 2.34168053, -0.190026253, 1.0
.float 1.19710863, 2.58046365, 0.0570358485, 1.0
.float 1.19752729, 2.34502125, 0.0566555858, 1.0
.float 1.19866383, 2.16669512, 0.0564431176, 1.0
.float -0.238327503, 2.16786194, -1.00487018, 1.0
.float -9.86928285e-07, 2.02297401, -1.01509249, 1.0
.float -0.237857923, 2.02297401, -0.992218673, 1.0
.float -9.8157318e-07, 1.88388145, -0.985276878, 1.0
.float -0.470083684, 2.02297401, -0.92153734, 1.0
.float -0.2376149, 1.88384283, -0.962770045, 1.0
.float -0.469114244, 1.88357198, -0.893903375, 1.0
.float -9.84134317e-07, 1.74478912, -0.943969309, 1.0
.float -0.236832917, 1.74447954, -0.921913207, 1.0
.float 0.237612933, 1.88384283, -0.962770045, 1.0
.float 0.23683098, 1.74447954, -0.921913266, 1.0
.float -9.92399805e-07, 1.60696435, -0.897140622, 1.0
.float -0.234350622, 1.6058737, -0.875569999, 1.0
.float -0.466748863, 1.74231267, -0.855835974, 1.0
.float -9.87859607e-07, 1.47674489, -0.837051332, 1.0
.float 0.23434864, 1.60587358, -0.875570059, 1.0
.float 0.466746867, 1.74231279, -0.855836034, 1.0
.float 0.460872442, 1.59912491, -0.812088251, 1.0
.float 0.226514399, 1.47390127, -0.817165196, 1.0
.float 0.446507066, 1.46108055, -0.758526146, 1.0
.float 0.672343194, 1.58537197, -0.712659717, 1.0
.float 0.654152036, 1.43751276, -0.665973604, 1.0
.float 0.420618743, 1.33282113, -0.68798244, 1.0
.float 0.210130692, 1.35484672, -0.735680044, 1.0
.float -9.86928285e-07, 1.36153817, -0.75162375, 1.0
.float -9.88092438e-07, 1.26796055, -0.625136256, 1.0
.float 0.628504515, 1.30380392, -0.610156178, 1.0
.float -0.210132673, 1.35484672, -0.735680044, 1.0
.float -0.42062071, 1.33282089, -0.68798244, 1.0
.float -0.446509063, 1.46108043, -0.758526087, 1.0
.float -0.226516351, 1.47390127, -0.817165196, 1.0
.float -0.460874408, 1.59912491, -0.812088251, 1.0
.float -0.672345281, 1.58537197, -0.712659717, 1.0
.float -0.682543159, 1.73784125, -0.75107348, 1.0
.float -0.687446237, 1.88306963, -0.782860458, 1.0
.float -1.19877315, 1.7470907, 0.0596878938, 1.0
.float -1.19758368, 1.60908413, 0.0664210245, 1.0
.float -1.19556332, 1.47220099, -0.135343283, 1.0
.float -1.19631243, 1.46934128, 0.0753924996, 1.0
.float -1.19256246, 1.33039212, -0.111248709, 1.0
.float -1.19420266, 1.32639527, 0.0842404515, 1.0
.float -1.12565315, 1.18403053, -0.2516388, 1.0
.float -1.18619204, 1.18565679, -0.096017845, 1.0
.float -1.1753335, 1.03842974, -0.0950030312, 1.0
.float -1.18809676, 1.18007755, 0.0908928216, 1.0
.float -1.17641497, 1.03110957, 0.0939271599, 1.0
.float -1.16628313, 0.891419888, -0.0992614552, 1.0
.float -1.16629291, 0.882468939, 0.0942297876, 1.0
.float -1.1640197, 0.736879826, 0.0930313319, 1.0
.float -1.16378295, 0.5937922, 0.0906307548, 1.0
.float 0.242937237, 0.858684301, 0.213637948, 1.0
.float 0.256363243, 0.723952532, 0.023113329, 1.0
.float 0.241721958, 0.724036932, 0.217207611, 1.0
.float 0.302546531, 0.723987579, -0.171600014, 1.0
.float 0.253201306, 0.58091259, 0.0209616832, 1.0
.float 0.300557435, 0.580912113, -0.169689834, 1.0
.float 0.238030076, 0.580912113, 0.208683997, 1.0
.float 0.301091194, 0.438833237, -0.166751504, 1.0
.float 0.25404191, 0.438833475, 0.018326927, 1.0
.float 0.367402464, 0.58091259, -0.324873656, 1.0
.float 0.367498994, 0.438833475, -0.3194713, 1.0
.float 0.442768455, 0.580912113, -0.413785487, 1.0
.float 0.442371577, 0.438833237, -0.407377303, 1.0
.float 0.373712093, 0.311433554, -0.314700365, 1.0
.float 0.447015464, 0.311433077, -0.401557475, 1.0
.float 0.531911373, 0.438833475, -0.44257161, 1.0
.float 0.534678757, 0.311433554, -0.436127573, 1.0
.float 0.646263957, 0.312571287, -0.438127249, 1.0
.float 0.541959703, 0.211516619, -0.42910251, 1.0
.float 0.649713635, 0.212722301, -0.431035668, 1.0
.float 0.788553655, 0.320539236, -0.412400484, 1.0
.float 0.787152648, 0.221161366, -0.40620932, 1.0
.float 0.94851768, 0.239817619, -0.351884693, 1.0
.float 0.786655009, 0.154466152, -0.401070356, 1.0
.float 0.942711473, 0.174061775, -0.348332524, 1.0
.float 0.653854549, 0.145710707, -0.425040215, 1.0
.float 0.938759565, 0.140990734, -0.344991326, 1.0
.float 0.786091685, 0.12090373, -0.39667812, 1.0
.float 1.07178128, 0.191156626, -0.247887284, 1.0
.float 1.06547785, 0.159337759, -0.245662898, 1.0
.float 1.08135808, 0.254677534, -0.249965221, 1.0
.float 1.13817585, 0.252775908, -0.0910120979, 1.0
.float 1.1280973, 0.192762852, -0.0896508619, 1.0
.float 1.12160528, 0.162981033, -0.0882592127, 1.0
.float 1.05533051, 0.148165464, -0.237213969, 1.0
.float 1.11183381, 0.153245926, -0.083342351, 1.0
.float 1.12262118, 0.15518856, 0.0855600759, 1.0
.float 1.11401534, 0.146178722, 0.0864385962, 1.0
.float 1.12858224, 0.183981419, 0.0850283578, 1.0
.float 1.13798189, 0.242335081, 0.0844249204, 1.0
.float 0.93151468, 0.129034519, -0.33394748, 1.0
.float 0.783409894, 0.108722448, -0.383984476, 1.0
.float 0.656260192, 0.111989021, -0.420094192, 1.0
.float 0.657621861, 0.0997498035, -0.406613052, 1.0
.float 0.549761474, 0.144459963, -0.423171192, 1.0
.float 0.554511368, 0.110715389, -0.418265492, 1.0
.float 0.467993081, 0.144459724, -0.390410542, 1.0
.float 0.457311183, 0.211516857, -0.395466179, 1.0
.float 0.559071362, 0.0984683037, -0.404834718, 1.0
.float 0.4745875, 0.110715389, -0.386091828, 1.0
.float 0.399618983, 0.144459963, -0.305788249, 1.0
.float 0.38652876, 0.21151638, -0.309810102, 1.0
.float 0.308692902, 0.311433077, -0.16388163, 1.0
.float 0.323738039, 0.211516142, -0.160645932, 1.0
.float 0.407755673, 0.110715628, -0.302314252, 1.0
.float 0.338956773, 0.144459724, -0.157868177, 1.0
.float 0.262607485, 0.311433554, 0.0155331194, 1.0
.float 0.279185563, 0.211516619, 0.0128306709, 1.0
.float 0.238963231, 0.438833237, 0.196761757, 1.0
.float 0.247797176, 0.311433077, 0.183055937, 1.0
.float 0.295863539, 0.144459963, 0.0107315555, 1.0
.float 0.26477313, 0.211516619, 0.168184757, 1.0
.float 0.281820118, 0.144459963, 0.155859649, 1.0
.float 0.306303769, 0.110715389, 0.00989373401, 1.0
.float 0.348457158, 0.110716105, -0.155553132, 1.0
.float 0.292508125, 0.110715628, 0.149114862, 1.0
.float 0.318668336, 0.0984683037, 0.011297565, 1.0
.float 0.359505653, 0.0984683037, -0.149172693, 1.0
.float 0.416938066, 0.0984680653, -0.292096913, 1.0
.float 0.481664836, 0.0984685421, -0.373619646, 1.0
.float 0.305282354, 0.0984680653, 0.14518337, 1.0
.float 1.16629112, 0.8824687, 0.0942297876, 1.0
.float 1.17641294, 1.03110957, 0.0939271599, 1.0
.float 1.18619013, 1.18565679, -0.096017845, 1.0
.float 1.18809485, 1.18007803, 0.0908928216, 1.0
.float 1.19420087, 1.32639527, 0.0842404515, 1.0
.float 1.19631052, 1.4693414, 0.0753924921, 1.0
.float 1.13836098, 3.12568903, 0.275614798, 1.0
.float 1.15438938, 2.85307884, 0.281608164, 1.0
.float 1.11004364, 3.38648582, 0.271010846, 1.0
.float 1.05419838, 3.38610721, 0.473259985, 1.0
.float 1.08102858, 3.12659264, 0.480429858, 1.0
.float 1.09501481, 2.85400629, 0.487846553, 1.0
.float 1.15884984, 2.58314323, 0.28989777, 1.0
.float 1.15834963, 2.34683847, 0.296694994, 1.0
.float 1.09607708, 2.58387256, 0.497814268, 1.0
.float 1.00798273, 3.12906051, 0.666327417, 1.0
.float 1.01855981, 2.85536575, 0.668094158, 1.0
.float 0.983957469, 3.38897824, 0.659919024, 1.0
.float 0.877031207, 3.39282203, 0.823151588, 1.0
.float 0.895480335, 3.13188601, 0.828338861, 1.0
.float 0.900958717, 2.85680294, 0.823586106, 1.0
.float 1.01473188, 2.58441901, 0.669554114, 1.0
.float 1.0922327, 2.34736657, 0.505909145, 1.0
.float 1.00598049, 2.34750319, 0.670489311, 1.0
.float 0.892531037, 2.58490229, 0.815299392, 1.0
.float 0.721745074, 3.13311768, 0.961580813, 1.0
.float 0.720785677, 2.85743713, 0.955654383, 1.0
.float 0.712167859, 3.39433002, 0.955247998, 1.0
.float 0.499681324, 3.39474177, 1.05196548, 1.0
.float 0.501476526, 3.13331819, 1.06059921, 1.0
.float 0.496262372, 2.85752797, 1.05671227, 1.0
.float 0.709855795, 2.58510923, 0.945357203, 1.0
.float 0.880025089, 2.34752274, 0.808079898, 1.0
.float 0.697172225, 2.34752274, 0.936457694, 1.0
.float 0.48596853, 2.5851388, 1.04911566, 1.0
.float 0.25641644, 3.13344669, 1.12069666, 1.0
.float 0.252184868, 2.85752797, 1.11852765, 1.0
.float 0.257194549, 3.39576983, 1.11045814, 1.0
.float -9.9251622e-07, 3.39646983, 1.12999928, 1.0
.float -9.82737333e-07, 3.13353419, 1.14077353, 1.0
.float -9.83202995e-07, 2.85752797, 1.13920259, 1.0
.float 0.246041, 2.5851388, 1.11328661, 1.0
.float 0.476090938, 2.34752274, 1.04247379, 1.0
.float 0.240693286, 2.34752274, 1.10861242, 1.0
.float -9.88558099e-07, 2.5851388, 1.13479316, 1.0
.float -0.252186805, 2.85752797, 1.11852765, 1.0
.float -0.246042967, 2.5851388, 1.11328661, 1.0
.float -0.256418407, 3.13344669, 1.12069678, 1.0
.float -0.496264309, 2.85752797, 1.05671239, 1.0
.float -0.485970497, 2.5851388, 1.04911566, 1.0
.float -0.476092905, 2.34752274, 1.04247379, 1.0
.float -0.240695238, 2.34752274, 1.1086123, 1.0
.float -9.87859607e-07, 2.34752274, 1.13081312, 1.0
.float -0.238327503, 2.16786194, 1.10611916, 1.0
.float -0.471387386, 2.1678617, 1.03942847, 1.0
.float -0.690479815, 2.16786957, 0.932768881, 1.0
.float -0.697174191, 2.34752274, 0.936457694, 1.0
.float -0.709857821, 2.58510923, 0.945357263, 1.0
.float -0.873167276, 2.16792393, 0.804958642, 1.0
.float -0.880027175, 2.34752274, 0.808079898, 1.0
.float -0.870499611, 2.02304268, 0.804491401, 1.0
.float -0.687969983, 2.0229826, 0.932403743, 1.0
.float -0.470083624, 2.02297401, 1.03867435, 1.0
.float -0.68614465, 1.88389802, 0.931279242, 1.0
.float -0.86854142, 1.88401318, 0.803849518, 1.0
.float -1.0010289, 2.02316809, 0.668599486, 1.0
.float -1.00071204, 1.88426781, 0.667126238, 1.0
.float -1.00034225, 1.74565887, 0.664662778, 1.0
.float -0.866872191, 1.74508464, 0.799139619, 1.0
.float -0.684271216, 1.74482584, 0.922229946, 1.0
.float -0.469264209, 1.88388145, 1.03645682, 1.0
.float -1.0000788, 1.60708535, 0.659544647, 1.0
.float -0.865807235, 1.60619688, 0.786421537, 1.0
.float -1.09442985, 1.60791731, 0.501066864, 1.0
.float -1.09439087, 1.74612951, 0.501997828, 1.0
.float -1.09433794, 1.46806753, 0.498769283, 1.0
.float -1.00004816, 1.46697056, 0.648464859, 1.0
.float -0.865540922, 1.46694207, 0.76263237, 1.0
.float -0.682533622, 1.60621321, 0.898907244, 1.0
.float -0.999859631, 1.32375669, 0.62863946, 1.0
.float -1.09402907, 1.3248837, 0.492497176, 1.0
.float -1.16016924, 1.46809912, 0.298461109, 1.0
.float -1.15904331, 1.32492042, 0.299320161, 1.0
.float -1.09141731, 1.17840838, 0.478902519, 1.0
.float -1.15476167, 1.17834496, 0.296821207, 1.0
.float -0.997084737, 1.17727542, 0.601020873, 1.0
.float -0.865743935, 1.32631755, 0.72670114, 1.0
.float -1.08524501, 1.02960539, 0.456536919, 1.0
.float -0.990173697, 1.02827024, 0.568530798, 1.0
.float -1.14589357, 1.02917075, 0.289434075, 1.0
.float -1.07956815, 0.881393909, 0.432291687, 1.0
.float -0.983122826, 0.879733324, 0.538232327, 1.0
.float -0.852927744, 0.878076315, 0.610414684, 1.0
.float -0.858943045, 1.03010154, 0.643900394, 1.0
.float -0.979637742, 0.734238148, 0.515587449, 1.0
.float -0.848794639, 0.730585575, 0.587256253, 1.0
.float -1.13813424, 0.880436659, 0.279471368, 1.0
.float -1.07791054, 0.736239195, 0.412751406, 1.0
.float -0.976712584, 0.590434551, 0.495513409, 1.0
.float -0.845039904, 0.586046696, 0.567389488, 1.0
.float -0.700103939, 0.728342772, 0.636886477, 1.0
.float -0.696872056, 0.583018541, 0.616621256, 1.0
.float -0.839766562, 0.444276571, 0.544362068, 1.0
.float -0.693335712, 0.441106558, 0.593000472, 1.0
.float -1.0763545, 0.592839718, 0.394933134, 1.0
.float -0.970700026, 0.448993206, 0.472984493, 1.0
.float -0.833737969, 0.317635298, 0.524155855, 1.0
.float -0.691141486, 0.314455509, 0.571720481, 1.0
.float -0.560201883, 0.312954187, 0.588952124, 1.0
.float -0.55861032, 0.439575911, 0.61105603, 1.0
.float -0.691286504, 0.216153622, 0.559750557, 1.0
.float -0.565832913, 0.214712381, 0.576058984, 1.0
.float -0.9621014, 0.322591543, 0.453748077, 1.0
.float -0.828265786, 0.219293594, 0.513483763, 1.0
.float -0.69249922, 0.150032759, 0.554690838, 1.0
.float -0.572195113, 0.148649454, 0.570217133, 1.0
.float -0.470990688, 0.214205742, 0.555959284, 1.0
.float -0.48095125, 0.148169041, 0.549988449, 1.0
.float -0.576261878, 0.113862753, 0.565849364, 1.0
.float -0.487370014, 0.113399029, 0.545617223, 1.0
.float -0.824194431, 0.15312624, 0.50954771, 1.0
.float -0.693241239, 0.115208626, 0.550809979, 1.0
.float -0.58021003, 0.09988904, 0.552923083, 1.0
.float -0.49429962, 0.0994422436, 0.533159435, 1.0
.float -0.426328927, 0.0993783474, 0.474588543, 1.0
.float -0.417119443, 0.113332033, 0.48620221, 1.0
.float -0.36575067, 0.099378109, 0.377769738, 1.0
.float -0.40903756, 0.148100615, 0.49194926, 1.0
.float -0.354539365, 0.11333251, 0.388577461, 1.0
.float -0.321498901, 0.0993783474, 0.262478083, 1.0
.float -0.345050991, 0.148100376, 0.398075491, 1.0
.float -0.308821559, 0.113332033, 0.271213114, 1.0
.float -0.396583796, 0.214133024, 0.500633717, 1.0
.float -0.298296213, 0.148100615, 0.28238818, 1.0
.float -0.330508411, 0.214133501, 0.413776726, 1.0
.float -0.282211214, 0.214133024, 0.301500261, 1.0
.float -0.38455829, 0.312343359, 0.516020834, 1.0
.float -0.316306651, 0.312343597, 0.435342371, 1.0
.float -0.266404033, 0.312343359, 0.325025231, 1.0
.float -0.378771752, 0.438947439, 0.538908839, 1.0
.float -0.309135556, 0.438946962, 0.460119873, 1.0
.float -0.457437485, 0.43902564, 0.591141939, 1.0
.float -0.461563796, 0.312419891, 0.568970561, 1.0
.float -0.458016187, 0.580989361, 0.615553081, 1.0
.float -0.378776789, 0.58091259, 0.56326586, 1.0
.float -0.308692396, 0.580912113, 0.484056383, 1.0
.float -0.258214504, 0.438947439, 0.347954482, 1.0
.float -0.381430894, 0.725525618, 0.582960844, 1.0
.float -0.460228592, 0.726350069, 0.636169672, 1.0
.float -0.560290694, 0.58152914, 0.635315478, 1.0
.float -0.562636554, 0.727237225, 0.656166017, 1.0
.float -0.559762418, 0.880260468, 0.683218837, 1.0
.float -0.456462085, 0.876687765, 0.659543037, 1.0
.float -0.379069179, 0.870597124, 0.598296106, 1.0
.float -0.311909527, 0.72480917, 0.502214909, 1.0
.float -0.433312386, 1.0309844, 0.692482889, 1.0
.float -0.359224945, 1.01194263, 0.610723138, 1.0
.float -0.311652511, 0.86486578, 0.507523179, 1.0
.float -0.296804756, 0.994804382, 0.495553464, 1.0
.float -0.257442743, 0.58091259, 0.368361294, 1.0
.float -0.261078805, 0.724291563, 0.38306585, 1.0
.float -0.262411714, 0.860724688, 0.380793899, 1.0
.float -0.251326561, 0.982396126, 0.353445053, 1.0
.float -0.207793862, 1.07808256, 0.313709915, 1.0
.float -0.244387358, 1.09866977, 0.474590689, 1.0
.float -0.117636368, 1.13750768, 0.27890867, 1.0
.float -0.138072699, 1.16150045, 0.455578983, 1.0
.float -9.8879093e-07, 1.15759921, 0.26409027, 1.0
.float 0.117634386, 1.13750744, 0.2789087, 1.0
.float 0.138070747, 1.16150022, 0.455579013, 1.0
.float -9.8879093e-07, 1.18197823, 0.447386473, 1.0
.float -0.294746906, 1.12687993, 0.61985898, 1.0
.float -0.166237965, 1.19388676, 0.625090122, 1.0
.float -0.356640786, 1.16096807, 0.728065789, 1.0
.float -0.198393553, 1.23134184, 0.751323223, 1.0
.float -9.8879093e-07, 1.21457791, 0.626716495, 1.0
.float 0.166235968, 1.193887, 0.625090182, 1.0
.float 0.198391587, 1.23134184, 0.751323164, 1.0
.float -9.90187914e-07, 1.25108337, 0.759141743, 1.0
.float -0.464127511, 1.21805263, 0.801937938, 1.0
.float -0.227511391, 1.28627825, 0.844900787, 1.0
.float -0.540622592, 1.04448414, 0.728058994, 1.0
.float -0.697047293, 1.03915453, 0.703245699, 1.0
.float -0.68738246, 1.19636703, 0.756240308, 1.0
.float -0.467004299, 1.35367632, 0.880517721, 1.0
.float -0.235796556, 1.37184811, 0.925430119, 1.0
.float -0.864111662, 1.1812923, 0.684648454, 1.0
.float -0.683449507, 1.337152, 0.811811328, 1.0
.float -0.701057136, 0.879448891, 0.662561119, 1.0
.float -0.68201679, 1.47027779, 0.861313701, 1.0
.float -0.465507239, 1.47551167, 0.941443026, 1.0
.float -0.46609962, 1.60681021, 0.990525007, 1.0
.float -0.467949033, 1.744789, 1.02316594, 1.0
.float -0.235822454, 1.60740542, 1.05006635, 1.0
.float -0.236982927, 1.744789, 1.086869, 1.0
.float -0.237633631, 1.88388145, 1.10209572, 1.0
.float -9.91584898e-07, 1.74478912, 1.10858595, 1.0
.float -9.9950114e-07, 1.88388145, 1.12414134, 1.0
.float -0.235440657, 1.48027408, 0.994558513, 1.0
.float -9.92399805e-07, 1.60766459, 1.07108212, 1.0
.float 0.235820487, 1.60740542, 1.05006623, 1.0
.float 0.23698096, 1.744789, 1.086869, 1.0
.float 0.237631664, 1.88388145, 1.10209572, 1.0
.float -9.81340349e-07, 2.02297401, 1.12727094, 1.0
.float 0.466097653, 1.60681021, 0.990525007, 1.0
.float 0.467947096, 1.74478912, 1.02316594, 1.0
.float 0.465505272, 1.47551155, 0.941443026, 1.0
.float 0.23543869, 1.48027408, 0.994558573, 1.0
.float 0.682531655, 1.60621309, 0.898907185, 1.0
.float 0.682014763, 1.47027779, 0.861313641, 1.0
.float 0.684269249, 1.74482584, 0.922229946, 1.0
.float 0.469262242, 1.88388145, 1.03645682, 1.0
.float 0.865538895, 1.46694195, 0.76263243, 1.0
.float 0.865805209, 1.606197, 0.786421537, 1.0
.float 0.865741968, 1.32631755, 0.726701081, 1.0
.float 0.68344754, 1.33715224, 0.811811328, 1.0
.float 1.00004637, 1.46697056, 0.648464859, 1.0
.float 0.999857605, 1.32375669, 0.62863946, 1.0
.float 1.00007689, 1.60708523, 0.659544647, 1.0
.float 0.866870224, 1.74508476, 0.799139619, 1.0
.float 1.09433591, 1.46806753, 0.498769283, 1.0
.float 1.09402716, 1.3248837, 0.492497206, 1.0
.float 1.09141541, 1.17840838, 0.478902519, 1.0
.float 0.99708277, 1.17727566, 0.601020873, 1.0
.float 1.15904129, 1.32492065, 0.299320161, 1.0
.float 1.15475976, 1.17834544, 0.296821207, 1.0
.float 1.16016722, 1.468099, 0.29846108, 1.0
.float 1.09442794, 1.60791719, 0.501066804, 1.0
.float 1.14589167, 1.02917075, 0.289434075, 1.0
.float 1.08524323, 1.02960539, 0.456536859, 1.0
.float 1.07956624, 0.881393909, 0.432291687, 1.0
.float 1.13813233, 0.880436897, 0.279471338, 1.0
.float 0.990171671, 1.02827024, 0.568530858, 1.0
.float 0.983120799, 0.879733324, 0.538232327, 1.0
.float 1.07790864, 0.736238718, 0.412751436, 1.0
.float 0.979635715, 0.734238625, 0.515587449, 1.0
.float 1.13645256, 0.734838724, 0.269435525, 1.0
.float 1.0763526, 0.592839956, 0.394933164, 1.0
.float 0.976710498, 0.590435028, 0.495513409, 1.0
.float 0.848792613, 0.730585575, 0.587256253, 1.0
.float 0.845037878, 0.586046457, 0.567389488, 1.0
.float 0.970683694, 0.448879242, 0.47298032, 1.0
.float 0.839757442, 0.444162846, 0.544356763, 1.0
.float 1.07038212, 0.451897383, 0.375500888, 1.0
.float 1.13579428, 0.59145546, 0.258745939, 1.0
.float 0.833678484, 0.316723347, 0.524113655, 1.0
.float 0.961985171, 0.321683645, 0.453714728, 1.0
.float 0.693336368, 0.440993071, 0.59299314, 1.0
.float 0.691160202, 0.313544035, 0.57166183, 1.0
.float 0.828098178, 0.216671467, 0.513362408, 1.0
.float 0.6913445, 0.213533163, 0.559582055, 1.0
.float 1.06052804, 0.325884104, 0.359274, 1.0
.float 0.952306449, 0.22192502, 0.443866879, 1.0
.float 0.823962092, 0.149477243, 0.50937897, 1.0
.float 0.69258076, 0.146387339, 0.554456353, 1.0
.float 0.566110492, 0.212094545, 0.575857759, 1.0
.float 0.572582126, 0.145007372, 0.569936991, 1.0
.float 0.693299294, 0.11258769, 0.550641477, 1.0
.float 0.576539576, 0.111244678, 0.565648198, 1.0
.float 0.821327269, 0.115640879, 0.506327748, 1.0
.float 0.944300473, 0.154998541, 0.440526724, 1.0
.float 0.580305338, 0.098978281, 0.552853107, 1.0
.float 0.693195581, 0.100276709, 0.538364112, 1.0
.float 0.487801492, 0.110781908, 0.545410275, 1.0
.float 0.494448423, 0.0985319614, 0.533087492, 1.0
.float 0.481552362, 0.144528389, 0.549700618, 1.0
.float 0.417657644, 0.110715628, 0.485875845, 1.0
.float 0.426514894, 0.0984680653, 0.474474937, 1.0
.float 0.409787178, 0.144459963, 0.491495162, 1.0
.float 0.471422076, 0.211588621, 0.555752277, 1.0
.float 0.355167061, 0.110715389, 0.387942404, 1.0
.float 0.365967661, 0.0984685421, 0.377548814, 1.0
.float 0.345925093, 0.144459724, 0.397191912, 1.0
.float 0.397121996, 0.21151638, 0.500307381, 1.0
.float 0.309515357, 0.110715628, 0.270420521, 1.0
.float 0.321738929, 0.0984685421, 0.262202412, 1.0
.float 0.299262255, 0.144459724, 0.281285465, 1.0
.float 0.331136107, 0.211516857, 0.413141757, 1.0
.float 0.461712629, 0.311509371, 0.568898618, 1.0
.float 0.384744257, 0.311433554, 0.515907347, 1.0
.float 0.316523671, 0.311433077, 0.435121477, 1.0
.float 0.282904983, 0.21151638, 0.300707668, 1.0
.float 0.457454354, 0.438911915, 0.591132998, 1.0
.float 0.378793299, 0.438833475, 0.538894713, 1.0
.float 0.309160918, 0.438833237, 0.460092306, 1.0
.float 0.266644061, 0.311433554, 0.324749529, 1.0
.float 0.258242756, 0.438833475, 0.347919971, 1.0
.float 0.308690429, 0.580912113, 0.484056413, 1.0
.float 0.257440776, 0.58091259, 0.368361264, 1.0
.float 0.378774792, 0.58091259, 0.5632658, 1.0
.float 0.31190756, 0.724809408, 0.502214849, 1.0
.float 0.381428957, 0.725525379, 0.582960844, 1.0
.float 0.261076868, 0.724291325, 0.38306585, 1.0
.float 0.379067212, 0.870597124, 0.598296106, 1.0
.float 0.311650574, 0.86486578, 0.507523179, 1.0
.float 0.456460178, 0.876688004, 0.659543037, 1.0
.float 0.460226625, 0.726350069, 0.636169672, 1.0
.float 0.359222978, 1.01194263, 0.610723138, 1.0
.float 0.296802819, 0.994804382, 0.495553404, 1.0
.float 0.251324624, 0.982396364, 0.353445083, 1.0
.float 0.262409747, 0.860724688, 0.38079384, 1.0
.float 0.244385377, 1.09867024, 0.474590689, 1.0
.float 0.207791865, 1.07808232, 0.313709915, 1.0
.float 0.433310419, 1.0309844, 0.692482889, 1.0
.float 0.294744968, 1.12687993, 0.619858921, 1.0
.float 0.356638789, 1.16096807, 0.728065789, 1.0
.float 0.540620565, 1.04448414, 0.728058934, 1.0
.float 0.464125544, 1.21805263, 0.801937819, 1.0
.float 0.227509424, 1.28627825, 0.844900727, 1.0
.float 0.687380433, 1.19636703, 0.756240368, 1.0
.float 0.467002362, 1.35367608, 0.880517721, 1.0
.float 0.235794589, 1.37184811, 0.925430059, 1.0
.float -9.87859607e-07, 1.37910891, 0.941184759, 1.0
.float -9.89256591e-07, 1.30209231, 0.856904984, 1.0
.float -9.95310188e-07, 1.48234653, 1.01372111, 1.0
.float 0.864109635, 1.1812923, 0.684648395, 1.0
.float 0.697045386, 1.03915453, 0.703245699, 1.0
.float 0.858941019, 1.03010154, 0.643900394, 1.0
.float 0.559760332, 0.880260229, 0.683218896, 1.0
.float 0.701055229, 0.879449129, 0.662561119, 1.0
.float 0.562634528, 0.727236986, 0.656165957, 1.0
.float 0.852925658, 0.878076553, 0.610414684, 1.0
.float 0.700101912, 0.728342772, 0.636886477, 1.0
.float 0.560288668, 0.58152914, 0.635315478, 1.0
.float 0.45801422, 0.580989361, 0.615553021, 1.0
.float 0.558620453, 0.439462185, 0.611047208, 1.0
.float 0.696870029, 0.583019018, 0.616621256, 1.0
.float 0.560297191, 0.312043667, 0.588882208, 1.0
.float 0.817050099, 0.103245735, 0.495354891, 1.0
.float 0.939172983, 0.121296644, 0.438047618, 1.0
.float 0.931384027, 0.108887911, 0.428896815, 1.0
.float 1.03909898, 0.162992001, 0.348658562, 1.0
.float 1.03278041, 0.130350351, 0.34686777, 1.0
.float 1.04892814, 0.228049994, 0.351209372, 1.0
.float 1.09916317, 0.173091173, 0.232165098, 1.0
.float 1.10889161, 0.234143972, 0.233129591, 1.0
.float 1.09296286, 0.142754793, 0.231506169, 1.0
.float 1.02322495, 0.118605614, 0.340266913, 1.0
.float 1.12042248, 0.327868938, 0.237440467, 1.0
.float 1.13023531, 0.451441288, 0.246981353, 1.0
.float 1.08384883, 0.132636547, 0.228372872, 1.0
.float 1.16079056, 1.60801148, 0.29656145, 1.0
.float 1.16132951, 1.74626434, 0.295246065, 1.0
.float 1.09438896, 1.74612939, 0.501997828, 1.0
.float 1.00034034, 1.74565887, 0.664662778, 1.0
.float 1.09386194, 1.88446689, 0.503524363, 1.0
.float 1.00071025, 1.88426781, 0.667126179, 1.0
.float 1.16155827, 1.88450563, 0.29557839, 1.0
.float 1.092713, 2.02322197, 0.50576508, 1.0
.float 1.00102699, 2.02316809, 0.668599546, 1.0
.float 0.870497584, 2.02304268, 0.804491401, 1.0
.float 0.868539393, 1.88401318, 0.803849578, 1.0
.float 1.00176656, 2.1680305, 0.669948697, 1.0
.float 0.87316525, 2.16792369, 0.804958522, 1.0
.float 1.09136403, 2.16802979, 0.507738829, 1.0
.float 1.1609112, 2.02307916, 0.297069103, 1.0
.float 0.690477788, 2.16786957, 0.932768881, 1.0
.float 0.687967896, 2.02298236, 0.932403684, 1.0
.float 0.47138539, 2.16786146, 1.03942835, 1.0
.float 0.470081657, 2.02297401, 1.03867435, 1.0
.float 0.686142623, 1.88389778, 0.931279242, 1.0
.float 0.238325536, 2.16786194, 1.10611916, 1.0
.float 0.237855926, 2.02297401, 1.10501695, 1.0
.float -9.96125095e-07, 2.1678617, 1.12850773, 1.0
.float -0.237857893, 2.02297401, 1.10501695, 1.0
.float 1.15923297, 2.16769552, 0.298425585, 1.0
.float -0.693176687, 0.101188421, 0.538422763, 1.0
.float -0.821494699, 0.118263483, 0.506449163, 1.0
.float -0.817109704, 0.104158163, 0.495397091, 1.0
.float -0.939503312, 0.123907804, 0.438143462, 1.0
.float -0.944759309, 0.158631325, 0.440660119, 1.0
.float -0.952636898, 0.224536419, 0.443962723, 1.0
.float -1.03966439, 0.166514874, 0.348755032, 1.0
.float -1.04933512, 0.230582476, 0.351278722, 1.0
.float -1.03318727, 0.132882357, 0.34693709, 1.0
.float -0.931500256, 0.109796762, 0.428930163, 1.0
.float -1.0997225, 0.176378727, 0.232189178, 1.0
.float -1.10929406, 0.236507416, 0.233146906, 1.0
.float -1.06067097, 0.32676506, 0.35929811, 1.0
.float -1.12056363, 0.328691244, 0.237446487, 1.0
.float -1.09336543, 0.145117283, 0.231523484, 1.0
.float -1.0839901, 0.133458376, 0.228378892, 1.0
.float -1.02336776, 0.11948657, 0.340291023, 1.0
.float -1.13025463, 0.451544285, 0.246982098, 1.0
.float -1.13579619, 0.59145546, 0.258745909, 1.0
.float -1.07040179, 0.452007532, 0.375503868, 1.0
.float -1.13645446, 0.734838724, 0.269435525, 1.0
.float -1.16079235, 1.60801172, 0.29656148, 1.0
.float -1.16133142, 1.74626434, 0.295246065, 1.0
.float -1.16156006, 1.88450563, 0.295578361, 1.0
.float -1.09386384, 1.88446701, 0.503524423, 1.0
.float -1.09271491, 2.02322197, 0.50576508, 1.0
.float -1.16091323, 2.02307916, 0.297069132, 1.0
.float -1.00176871, 2.16803026, 0.669948697, 1.0
.float -1.09136593, 2.16802979, 0.507738888, 1.0
.float -1.0059824, 2.34750319, 0.670489311, 1.0
.float -1.09223473, 2.34736657, 0.505909204, 1.0
.float -1.15923488, 2.16769552, 0.298425585, 1.0
.float -1.15835154, 2.34683847, 0.296694994, 1.0
.float -1.01473379, 2.58441877, 0.669554114, 1.0
.float -1.09607887, 2.58387256, 0.497814298, 1.0
.float -0.892533004, 2.58490229, 0.815299511, 1.0
.float -0.720787704, 2.85743737, 0.955654442, 1.0
.float -0.900960743, 2.85680294, 0.823586106, 1.0
.float -1.01856184, 2.85536575, 0.668094158, 1.0
.float -1.0950166, 2.85400629, 0.487846553, 1.0
.float -1.15885174, 2.58314323, 0.28989777, 1.0
.float -1.00798464, 3.12906075, 0.666327417, 1.0
.float -0.895482361, 3.13188601, 0.828338861, 1.0
.float -0.7217471, 3.13311768, 0.961580753, 1.0
.float -0.877033293, 3.39282203, 0.823151529, 1.0
.float -0.712169886, 3.39433002, 0.955247998, 1.0
.float -1.08103049, 3.12659264, 0.480429888, 1.0
.float -0.983959377, 3.38897824, 0.659918964, 1.0
.float -0.848810911, 3.62645102, 0.803108215, 1.0
.float -0.693602562, 3.62805295, 0.930085719, 1.0
.float -0.499683291, 3.39474177, 1.05196559, 1.0
.float -0.490444422, 3.62955141, 1.02250338, 1.0
.float -0.475743473, 3.83397722, 0.970062673, 1.0
.float -0.668392658, 3.82689118, 0.886916816, 1.0
.float -0.949138939, 3.62282038, 0.644906878, 1.0
.float -0.812296689, 3.82228494, 0.771057904, 1.0
.float -0.640006125, 3.98520684, 0.826033294, 1.0
.float -0.458816081, 4.00562048, 0.892460048, 1.0
.float -0.247146741, 3.84271765, 1.02075136, 1.0
.float -0.239193007, 4.02286625, 0.934120476, 1.0
.float -0.445498675, 4.13908768, 0.781221986, 1.0
.float -0.232512832, 4.16649008, 0.812008798, 1.0
.float -0.767882764, 3.97098994, 0.731230795, 1.0
.float -0.618322372, 4.09932184, 0.736606658, 1.0
.float -0.441042632, 4.23230505, 0.630700052, 1.0
.float -0.229528859, 4.26947927, 0.651167095, 1.0
.float -9.85996962e-07, 4.17661047, 0.823414981, 1.0
.float -9.99850386e-07, 4.28232479, 0.659216166, 1.0
.float -9.84134317e-07, 4.35976887, 0.469665945, 1.0
.float -0.230966553, 4.34468365, 0.464705497, 1.0
.float -0.617862523, 4.17248487, 0.604811907, 1.0
.float -0.445759207, 4.29948235, 0.452833414, 1.0
.float -0.236477196, 4.40283108, 0.266927689, 1.0
.float -9.8681187e-07, 4.41938353, 0.269314706, 1.0
.float 0.230964601, 4.34468365, 0.464705497, 1.0
.float 0.229526907, 4.26947927, 0.651167095, 1.0
.float 0.236475259, 4.40283155, 0.266927689, 1.0
.float -0.457687616, 4.3523612, 0.26145342, 1.0
.float 0.44575724, 4.29948235, 0.452833414, 1.0
.float 0.45768562, 4.3523612, 0.26145342, 1.0
.float 0.650043845, 4.26771402, 0.255587935, 1.0
.float 0.630086243, 4.22450686, 0.439302474, 1.0
.float 0.617860496, 4.17248487, 0.604811847, 1.0
.float 0.441040665, 4.23230505, 0.630700052, 1.0
.float 0.750375867, 4.0889492, 0.588904798, 1.0
.float 0.777189672, 4.12113523, 0.432319641, 1.0
.float 0.721854866, 4.05963707, 0.692011893, 1.0
.float 0.618320346, 4.09932184, 0.736606598, 1.0
.float 0.445496738, 4.13908768, 0.781222045, 1.0
.float 0.767880797, 3.97098994, 0.731230736, 1.0
.float 0.640004039, 3.98520708, 0.826033354, 1.0
.float 0.840319812, 3.97466016, 0.6003142, 1.0
.float 0.902516186, 3.82044077, 0.623377204, 1.0
.float 0.812294662, 3.82228494, 0.771057963, 1.0
.float 0.668390632, 3.82689118, 0.886916757, 1.0
.float 0.458814144, 4.00562048, 0.892459989, 1.0
.float 0.949136913, 3.62282038, 0.644906878, 1.0
.float 0.848808825, 3.62645102, 0.803108215, 1.0
.float 0.960954607, 3.82453132, 0.450639576, 1.0
.float 1.01544499, 3.62157059, 0.463216126, 1.0
.float 0.693600595, 3.62805295, 0.930085599, 1.0
.float 0.475741476, 3.83397722, 0.970062673, 1.0
.float 0.490442485, 3.62955141, 1.0225035, 1.0
.float 0.253738701, 3.63308525, 1.07843184, 1.0
.float 0.247144759, 3.84271765, 1.02075136, 1.0
.float 0.239191055, 4.02286625, 0.934120476, 1.0
.float -9.91584898e-07, 3.84722161, 1.03794885, 1.0
.float -9.870447e-07, 4.03010273, 0.94874984, 1.0
.float 0.232510865, 4.16649008, 0.812008798, 1.0
.float -0.253740728, 3.63308525, 1.07843173, 1.0
.float -0.257196486, 3.39576983, 1.11045814, 1.0
.float -9.87277531e-07, 3.63531089, 1.0971638, 1.0
.float -0.501478553, 3.13331819, 1.06059921, 1.0
.float 1.06892431, 3.62558341, 0.266079545, 1.0
.float 1.0094384, 3.83503437, 0.260560811, 1.0
.float 0.884782016, 3.98960304, 0.437937707, 1.0
.float 0.924585938, 4.00954342, 0.255123109, 1.0
.float 0.80668205, 4.15248346, 0.252692014, 1.0
.float -0.63008827, 4.22450686, 0.439302504, 1.0
.float -0.650045693, 4.26771402, 0.255587935, 1.0
.float -0.777191639, 4.12113523, 0.432319611, 1.0
.float -0.806684017, 4.15248346, 0.252692014, 1.0
.float -0.750377893, 4.0889492, 0.588904738, 1.0
.float -0.924587905, 4.00954294, 0.255123079, 1.0
.float -0.884784102, 3.98960304, 0.437937737, 1.0
.float -1.0094403, 3.83503437, 0.260560811, 1.0
.float -0.960956633, 3.82453132, 0.450639606, 1.0
.float -0.840321839, 3.97466016, 0.6003142, 1.0
.float -1.06892622, 3.62558341, 0.266079545, 1.0
.float -1.01544702, 3.62157059, 0.463216096, 1.0
.float -0.902518213, 3.82044077, 0.623377144, 1.0
.float -0.721856952, 4.05963707, 0.692011893, 1.0
.float -1.05420029, 3.38610721, 0.473259985, 1.0
.float -1.13836277, 3.12568903, 0.275614798, 1.0
.float -1.11004543, 3.38648582, 0.271010876, 1.0
.float -1.15439129, 2.85307884, 0.281608164, 1.0
.float 0.332663029, 0.0967116356, 0.139908314, 1.0
.float 0.348315924, 0.0968618393, 0.24811241, 1.0
.float 0.345482439, 0.0968618393, 0.0160336569, 1.0
.float 0.402222961, 0.111152411, 0.0253112465, 1.0
.float 0.388594806, 0.10994935, 0.129374728, 1.0
.float 0.404587299, 0.111152411, 0.219047159, 1.0
.float 0.388939142, 0.0967116356, 0.355713755, 1.0
.float 0.44535476, 0.0968616009, 0.44576171, 1.0
.float 0.435890287, 0.10994935, 0.310842425, 1.0
.float 0.485167891, 0.111152411, 0.383358985, 1.0
.float 0.508096635, 0.0967707634, 0.500853956, 1.0
.float 0.500580192, 0.136240482, 0.248685658, 1.0
.float 0.536069214, 0.109999657, 0.432955384, 1.0
.float 0.554292023, 0.145619869, 0.274114877, 1.0
.float 0.575018227, 0.13628912, 0.338716507, 1.0
.float 0.587839425, 0.0973351002, 0.518714547, 1.0
.float 0.60415417, 0.111553192, 0.444263875, 1.0
.float 0.633575559, 0.14593792, 0.314338893, 1.0
.float 0.683759809, 0.190214396, 0.073980093, 1.0
.float 0.622494996, 0.145756245, -0.167715251, 1.0
.float 0.669814765, 0.13739109, -0.204310924, 1.0
.float 0.73648417, 0.152618647, -0.157467753, 1.0
.float 0.549404562, 0.14561367, -0.108357258, 1.0
.float 0.567454219, 0.136240482, -0.184334368, 1.0
.float 0.857968509, 0.158528328, 0.207875341, 1.0
.float 0.827256083, 0.142806768, 0.279018581, 1.0
.float 0.751165569, 0.14829421, 0.285952598, 1.0
.float 0.872361243, 0.175389767, -0.0806618258, 1.0
.float 0.941357911, 0.176929712, -0.0154126585, 1.0
.float 0.912618279, 0.177991867, 0.0802921504, 1.0
.float 0.500930309, 0.14561367, 0.0396963432, 1.0
.float 0.496855527, 0.136240005, -0.0551962703, 1.0
.float 0.689801514, 0.137340069, 0.342153192, 1.0
.float 0.925456285, 0.162801981, 0.164524883, 1.0
.float 0.502501726, 0.14561367, 0.168287203, 1.0
.float 0.827821255, 0.157034159, -0.16192171, 1.0
.float 0.465877891, 0.136240482, 0.113980979, 1.0
.float 0.692326665, 0.0983879566, 0.505811632, 1.0
.float 0.69093281, 0.11136055, 0.437143981, 1.0
.float 0.806999981, 0.101293564, 0.465450764, 1.0
.float 0.786295891, 0.114868879, 0.400002152, 1.0
.float 0.913478255, 0.106575012, 0.404222757, 1.0
.float 0.877083361, 0.118411303, 0.351785004, 1.0
.float 1.00036824, 0.117043257, 0.322006762, 1.0
.float 0.949364543, 0.129337072, 0.280937135, 1.0
.float 1.06137419, 0.132790327, 0.21925202, 1.0
.float 1.00723779, 0.144012928, 0.197436213, 1.0
.float 1.09157634, 0.147619486, 0.0877533555, 1.0
.float 1.03146172, 0.158828259, 0.086716637, 1.0
.float 1.08763158, 0.15356493, -0.0707127526, 1.0
.float 1.02953994, 0.162923336, -0.0466685444, 1.0
.float 1.03051901, 0.146804333, -0.214341372, 1.0
.float 0.974393368, 0.155953169, -0.165575027, 1.0
.float 0.91400373, 0.126998901, -0.304845989, 1.0
.float 0.87780118, 0.137102127, -0.244744033, 1.0
.float 0.776124239, 0.106993437, -0.350624502, 1.0
.float 0.761101604, 0.12028718, -0.279708683, 1.0
.float 0.65943867, 0.0979781151, -0.371975541, 1.0
.float 0.663325965, 0.111091375, -0.30095318, 1.0
.float 0.568183005, 0.0968616009, -0.369812965, 1.0
.float 0.587674081, 0.111152411, -0.295556307, 1.0
.float 0.496244818, 0.0967116356, -0.341342032, 1.0
.float 0.526099741, 0.10994935, -0.275152236, 1.0
.float 0.436488301, 0.0968616009, -0.265177816, 1.0
.float 0.477792531, 0.111152411, -0.207900107, 1.0
.float 0.38295725, 0.0967116356, -0.132852793, 1.0
.float 0.430863112, 0.10994935, -0.0998682752, 1.0
.float -0.348287672, 0.096975565, 0.248146862, 1.0
.float -0.332633525, 0.0968251228, 0.139930293, 1.0
.float -0.404589266, 0.111152411, 0.219047159, 1.0
.float -0.388596803, 0.109949589, 0.129374728, 1.0
.float -0.388913721, 0.0968251228, 0.355741382, 1.0
.float -0.402224928, 0.111152411, 0.0253112465, 1.0
.float -0.34545359, 0.096975565, 0.0160373487, 1.0
.float -0.382931083, 0.0968251228, -0.1328578, 1.0
.float -0.430865109, 0.109949589, -0.0998682752, 1.0
.float -0.477794498, 0.111152411, -0.207900107, 1.0
.float -0.436466008, 0.096975565, -0.265184969, 1.0
.float -0.496857494, 0.136240482, -0.0551962554, 1.0
.float -0.526101768, 0.109949589, -0.275152296, 1.0
.float -0.549406588, 0.14561367, -0.108357258, 1.0
.float -0.567456245, 0.136240482, -0.184334338, 1.0
.float -0.496226966, 0.0968251228, -0.341351092, 1.0
.float -0.587676108, 0.111152411, -0.295556307, 1.0
.float -0.683761835, 0.190214634, 0.073980093, 1.0
.float -0.622497022, 0.145756245, -0.167715251, 1.0
.float -0.736486256, 0.152618885, -0.157467753, 1.0
.float -0.669816852, 0.13739109, -0.204310924, 1.0
.float -0.751167595, 0.148294449, 0.285952568, 1.0
.float -0.82725805, 0.14280653, 0.279018581, 1.0
.float -0.857970536, 0.158528566, 0.207875341, 1.0
.float -0.912620246, 0.177992105, 0.0802921504, 1.0
.float -0.941359878, 0.176929712, -0.015412651, 1.0
.float -0.872363269, 0.175390005, -0.0806618407, 1.0
.float -0.500932276, 0.14561367, 0.0396963432, 1.0
.float -0.633577585, 0.145938158, 0.314338923, 1.0
.float -0.689803481, 0.137340069, 0.342153162, 1.0
.float -0.925458252, 0.162801981, 0.164524868, 1.0
.float -0.502503753, 0.14561367, 0.168287188, 1.0
.float -0.500582218, 0.136240482, 0.248685658, 1.0
.float -0.55429405, 0.145619631, 0.274114877, 1.0
.float -0.575020254, 0.136289597, 0.338716477, 1.0
.float -0.827823162, 0.157034397, -0.16192168, 1.0
.float -0.465879828, 0.136240482, 0.113980979, 1.0
.float -0.435892224, 0.109949589, 0.310842425, 1.0
.float -0.445333272, 0.096975565, 0.445775926, 1.0
.float -0.485169828, 0.111152411, 0.383359015, 1.0
.float -0.508079827, 0.0968842506, 0.500862956, 1.0
.float -0.536071241, 0.109999657, 0.432955414, 1.0
.float -0.587829292, 0.0974488258, 0.518723309, 1.0
.float -0.604156256, 0.111553431, 0.444263905, 1.0
.float -0.692326069, 0.0985021591, 0.505818963, 1.0
.float -0.690934837, 0.11136055, 0.437143952, 1.0
.float -0.807009101, 0.101407528, 0.465456009, 1.0
.float -0.786297858, 0.114868641, 0.400002152, 1.0
.float -0.913494587, 0.106688499, 0.404226929, 1.0
.float -0.877085328, 0.118411541, 0.351784974, 1.0
.float -1.00038767, 0.117153168, 0.322009772, 1.0
.float -0.949366689, 0.129336834, 0.280937165, 1.0
.float -1.06139338, 0.132892847, 0.219252795, 1.0
.float -1.00723958, 0.144013166, 0.197436243, 1.0
.float -1.09159493, 0.147717476, 0.0877519101, 1.0
.float -1.03146362, 0.158828259, 0.0867166296, 1.0
.float -1.08765185, 0.153666019, -0.0707151964, 1.0
.float -1.02954185, 0.162923098, -0.0466685221, 1.0
.float -1.03053808, 0.146911621, -0.214345038, 1.0
.float -0.974395454, 0.155953407, -0.165575027, 1.0
.float -0.914016068, 0.127110481, -0.304852307, 1.0
.float -0.877803206, 0.137102604, -0.244744033, 1.0
.float -0.776126921, 0.107106686, -0.35063374, 1.0
.float -0.761103511, 0.12028718, -0.279708683, 1.0
.float -0.659432888, 0.0980918407, -0.37198621, 1.0
.float -0.663327992, 0.111091375, -0.30095315, 1.0
.float -0.568170488, 0.096975565, -0.369823575, 1.0
.float -0.492449492, 2.78501678, 1.21468663, 1.0
.float -0.322931051, 2.75816774, 1.21468663, 1.0
.float -0.322403222, 2.76487446, 1.29285693, 1.0
.float -0.49035117, 2.79147482, 1.29285693, 1.0
.float -0.636079669, 2.85820007, 1.21468663, 1.0
.float 0.360909283, 2.75816774, 1.21468663, 1.0
.float 0.360381454, 2.76487446, 1.29285693, 1.0
.float -0.482839555, 2.81459308, 1.36674845, 1.0
.float -0.320513695, 2.78888321, 1.36674845, 1.0
.float -0.632088423, 2.86369348, 1.29285693, 1.0
.float -0.617800474, 2.88335919, 1.36674845, 1.0
.float -0.750065207, 2.97218561, 1.21468663, 1.0
.float -0.744571745, 2.97617698, 1.29285693, 1.0
.float -0.724906087, 2.99046493, 1.36674845, 1.0
.float -0.569945097, 2.94922662, 1.42517281, 1.0
.float -0.659038663, 3.0383203, 1.42517281, 1.0
.float -0.716240287, 3.1505847, 1.42517281, 1.0
.float -0.793672025, 3.12542582, 1.36674845, 1.0
.float -0.823248386, 3.11581588, 1.21468663, 1.0
.float -0.816790402, 3.1179142, 1.29285693, 1.0
.float -0.738967717, 3.29408026, 1.42517281, 1.0
.float -0.819381952, 3.28775167, 1.36674845, 1.0
.float -0.618330419, 3.0678966, 1.43304431, 1.0
.float -0.66838485, 3.16613388, 1.43304431, 1.0
.float -0.689269066, 3.29799175, 1.43304431, 1.0
.float -0.716240406, 3.44548965, 1.42517281, 1.0
.float -0.843390763, 3.28586197, 1.29285693, 1.0
.float -0.793672204, 3.47064877, 1.36674845, 1.0
.float -0.66838491, 3.42994046, 1.43304431, 1.0
.float -0.659038663, 3.55775428, 1.42517281, 1.0
.float -0.724906087, 3.60560966, 1.36674845, 1.0
.float -0.816790521, 3.47816038, 1.29285693, 1.0
.float -0.850097477, 3.28533411, 1.21468663, 1.0
.float -0.823248446, 3.4802587, 1.21468663, 1.0
.float -0.750065207, 3.62388873, 1.21468663, 1.0
.float -0.744571745, 3.6198976, 1.29285693, 1.0
.float -0.636079669, 3.73787451, 1.21468663, 1.0
.float -0.632088423, 3.73238087, 1.29285693, 1.0
.float -0.617800534, 3.71271515, 1.36674845, 1.0
.float -0.492449492, 3.81105757, 1.21468663, 1.0
.float -0.49035117, 3.80459976, 1.29285693, 1.0
.float -0.482839555, 3.78148127, 1.36674845, 1.0
.float -0.457680434, 3.70404959, 1.42517281, 1.0
.float -0.569945097, 3.64684772, 1.42517281, 1.0
.float -0.314184994, 3.72677708, 1.42517281, 1.0
.float -0.320513695, 3.80719113, 1.36674845, 1.0
.float -0.442131251, 3.65619421, 1.43304431, 1.0
.float -0.540368795, 3.60613966, 1.43304431, 1.0
.float -0.618330359, 3.52817798, 1.43304431, 1.0
.float -0.310273647, 3.67707825, 1.43304431, 1.0
.float 0.352163255, 3.72677708, 1.42517281, 1.0
.float 0.348251909, 3.67707825, 1.43304431, 1.0
.float 0.495658666, 3.70404959, 1.42517281, 1.0
.float 0.358491927, 3.80719113, 1.36674845, 1.0
.float 0.480109453, 3.65619421, 1.43304431, 1.0
.float 0.520817757, 3.78148127, 1.36674845, 1.0
.float 0.607923269, 3.64684796, 1.42517281, 1.0
.float 0.360381454, 3.83119988, 1.29285693, 1.0
.float -0.322403222, 3.83119988, 1.29285693, 1.0
.float 0.528329372, 3.80459976, 1.29285693, 1.0
.float 0.655778706, 3.71271539, 1.36674845, 1.0
.float 0.578346968, 3.60613966, 1.43304431, 1.0
.float 0.697016835, 3.55775428, 1.42517281, 1.0
.float 0.670066595, 3.73238087, 1.29285693, 1.0
.float 0.762884259, 3.60560966, 1.36674845, 1.0
.float 0.674057841, 3.73787451, 1.21468663, 1.0
.float 0.530427694, 3.81105757, 1.21468663, 1.0
.float 0.78804338, 3.62388873, 1.21468663, 1.0
.float 0.782549918, 3.6198976, 1.29285693, 1.0
.float 0.754218578, 3.44548965, 1.42517281, 1.0
.float 0.831650376, 3.47064877, 1.36674845, 1.0
.float 0.861226618, 3.4802587, 1.21468663, 1.0
.float 0.854768693, 3.47816038, 1.29285693, 1.0
.float 0.776945889, 3.30199432, 1.42517281, 1.0
.float 0.857360125, 3.30832291, 1.36674845, 1.0
.float 0.656308532, 3.52817798, 1.43304431, 1.0
.float 0.706363082, 3.42994046, 1.43304431, 1.0
.float 0.727247238, 3.29808283, 1.43304431, 1.0
.float 0.754218459, 3.1505847, 1.42517281, 1.0
.float 0.831650198, 3.12542582, 1.36674845, 1.0
.float 0.881368935, 3.31021237, 1.29285693, 1.0
.float 0.706363022, 3.16613388, 1.43304431, 1.0
.float 0.697016835, 3.0383203, 1.42517281, 1.0
.float 0.762884259, 2.99046493, 1.36674845, 1.0
.float 0.854768574, 3.1179142, 1.29285693, 1.0
.float 0.88807565, 3.31074023, 1.21468663, 1.0
.float 0.861226559, 3.11581588, 1.21468663, 1.0
.float 0.78804338, 2.97218561, 1.21468663, 1.0
.float 0.782549918, 2.97617698, 1.29285693, 1.0
.float 0.674057841, 2.85820007, 1.21468663, 1.0
.float 0.670066595, 2.86369348, 1.29285693, 1.0
.float 0.655778646, 2.88335919, 1.36674845, 1.0
.float 0.530427694, 2.78501678, 1.21468663, 1.0
.float 0.528329372, 2.79147482, 1.29285693, 1.0
.float 0.520817757, 2.81459308, 1.36674845, 1.0
.float 0.495658696, 2.89202499, 1.42517281, 1.0
.float 0.60792321, 2.94922662, 1.42517281, 1.0
.float 0.358491927, 2.78888321, 1.36674845, 1.0
.float 0.352163225, 2.8692975, 1.42517281, 1.0
.float 0.480109483, 2.93988037, 1.43304431, 1.0
.float 0.578346908, 2.98993492, 1.43304431, 1.0
.float 0.656308591, 3.0678966, 1.43304431, 1.0
.float 0.348251879, 2.91899633, 1.43304431, 1.0
.float -0.314185023, 2.8692975, 1.42517281, 1.0
.float -0.310273677, 2.91899633, 1.43304431, 1.0
.float -0.457680434, 2.89202499, 1.42517281, 1.0
.float -0.442131221, 2.93988037, 1.43304431, 1.0
.float -0.540368795, 2.98993492, 1.43304431, 1.0
.float 0.360909283, 3.8379066, 1.21468663, 1.0
.float -0.322931051, 3.8379066, 1.21468663, 1.0
.float 0.571386397, 3.93711567, 0.647064269, 1.0
.float 0.571386397, 3.93711567, 1.13565028, 1.0
.float 0.751966, 3.84510565, 1.13565028, 1.0
.float 0.751966, 3.84510565, 0.647064269, 1.0
.float 0.371212393, 3.9688201, 0.647064269, 1.0
.float 0.371212393, 3.9688201, 1.13565028, 1.0
.float 0.369389236, 3.94565439, 1.19153738, 1.0
.float 0.564132214, 3.91478968, 1.19153738, 1.0
.float 0.895274758, 3.70179701, 1.13565028, 1.0
.float 0.738153696, 3.82609487, 1.19153738, 1.0
.float 0.895274758, 3.70179701, 0.647064269, 1.0
.float 0.98728466, 3.52121735, 1.13565028, 1.0
.float 0.876240611, 3.68796778, 1.19153738, 1.0
.float 0.546618998, 3.86088943, 1.21468663, 1.0
.float 0.704807997, 3.78019834, 1.21468663, 1.0
.float 0.364987701, 3.88972783, 1.21468663, 1.0
.float 0.830288351, 3.65458155, 1.21468663, 1.0
.float 0.910772443, 3.49635696, 1.21468663, 1.0
.float 0.964874744, 3.51393604, 1.19153738, 1.0
.float 0.939375401, 3.31477761, 1.21468663, 1.0
.float 0.995670795, 3.31920815, 1.19153738, 1.0
.float 1.01898921, 3.32104349, 1.13565028, 1.0
.float 0.965088367, 3.08206916, 1.19153738, 1.0
.float 0.98728466, 3.074857, 1.13565028, 1.0
.float 1.01898921, 3.32104349, 0.647064269, 1.0
.float 0.98728466, 3.52121735, 0.647064269, 1.0
.float 0.98728466, 3.074857, 0.647064269, 1.0
.float 0.895274758, 2.89427757, 1.13565028, 1.0
.float 0.895274758, 2.89427757, 0.647064269, 1.0
.float 0.751966, 2.75096869, 1.13565028, 1.0
.float 0.87636888, 2.90801334, 1.19153738, 1.0
.float 0.751966, 2.75096869, 0.647064269, 1.0
.float 0.571386397, 2.65895891, 1.13565028, 1.0
.float 0.738215387, 2.7698946, 1.19153738, 1.0
.float 0.830726027, 2.94117498, 1.21468663, 1.0
.float 0.911501944, 3.09948039, 1.21468663, 1.0
.float 0.70501852, 2.81558633, 1.21468663, 1.0
.float 0.564150691, 2.68122816, 1.19153738, 1.0
.float 0.54668206, 2.73499107, 1.21468663, 1.0
.float 0.364992857, 2.70628119, 1.21468663, 1.0
.float 0.369390726, 2.65040088, 1.19153738, 1.0
.float -0.327009469, 2.70634675, 1.21468663, 1.0
.float -0.331411004, 2.65041995, 1.19153738, 1.0
.float 0.371212393, 2.62725449, 1.13565028, 1.0
.float -0.333234161, 2.62725449, 1.13565028, 1.0
.float -0.526154041, 2.6812849, 1.19153738, 1.0
.float -0.533408225, 2.65895891, 1.13565028, 1.0
.float 0.371212393, 2.62725449, 0.647064269, 1.0
.float -0.333234161, 2.62725449, 0.647064269, 1.0
.float 0.571386397, 2.65895891, 0.647064269, 1.0
.float -0.533408225, 2.65895891, 0.647064269, 1.0
.float -0.713987827, 2.75096869, 1.13565028, 1.0
.float -0.713987827, 2.75096869, 0.647064269, 1.0
.float -0.857296586, 2.89427757, 1.13565028, 1.0
.float -0.700175583, 2.76997972, 1.19153738, 1.0
.float -0.857296586, 2.89427757, 0.647064269, 1.0
.float -0.949306488, 3.074857, 1.13565028, 1.0
.float -0.838262439, 2.90810657, 1.19153738, 1.0
.float -0.508640826, 2.73518515, 1.21468663, 1.0
.float -0.666829824, 2.81587601, 1.21468663, 1.0
.float -0.792310178, 2.9414928, 1.21468663, 1.0
.float -0.926896572, 3.08213854, 1.19153738, 1.0
.float -0.872794271, 3.09971738, 1.21468663, 1.0
.float -0.957692623, 3.2768662, 1.19153738, 1.0
.float -0.981010914, 3.27503109, 1.13565028, 1.0
.float -0.901397228, 3.28129673, 1.21468663, 1.0
.float -0.927110195, 3.51400542, 1.19153738, 1.0
.float -0.949306488, 3.52121735, 1.13565028, 1.0
.float -0.949306488, 3.074857, 0.647064269, 1.0
.float -0.981010914, 3.27503109, 0.647064269, 1.0
.float -0.949306488, 3.52121735, 0.647064269, 1.0
.float -0.857296586, 3.70179701, 1.13565028, 1.0
.float -0.857296586, 3.70179701, 0.647064269, 1.0
.float -0.713987827, 3.84510565, 1.13565028, 1.0
.float -0.838390708, 3.688061, 1.19153738, 1.0
.float -0.713987827, 3.84510565, 0.647064269, 1.0
.float -0.533408225, 3.93711567, 1.13565028, 1.0
.float -0.700237215, 3.82617974, 1.19153738, 1.0
.float -0.792747855, 3.6548996, 1.21468663, 1.0
.float -0.873523772, 3.49659419, 1.21468663, 1.0
.float -0.667040348, 3.78048801, 1.21468663, 1.0
.float -0.526172519, 3.91484642, 1.19153738, 1.0
.float -0.508703887, 3.86108351, 1.21468663, 1.0
.float -0.327014625, 3.88979316, 1.21468663, 1.0
.float -0.331412494, 3.94567347, 1.19153738, 1.0
.float -0.333234161, 3.9688201, 1.13565028, 1.0
.float -0.333234161, 3.9688201, 0.647064269, 1.0
.float -0.533408225, 3.93711567, 0.647064269, 1.0
.float 0.609294295, 3.6491704, -1.32206047, 1.0
.float 0.609294295, 3.56792068, -1.4033103, 1.0
.float -0.571316123, 3.56792068, -1.4033103, 1.0
.float -0.571316123, 3.6491704, -1.32206047, 1.0
.float -0.571316123, 3.67891002, -1.21107113, 1.0
.float 0.609294295, 3.67891002, -1.21107113, 1.0
.float 0.685548007, 3.63085175, -1.3114841, 1.0
.float 0.685548007, 3.5573442, -1.38499129, 1.0
.float -0.647569835, 3.63085175, -1.3114841, 1.0
.float -0.647569835, 3.5573442, -1.38499129, 1.0
.float -0.703391433, 3.58080339, -1.28258872, 1.0
.float -0.647569835, 3.65847802, -1.20838118, 1.0
.float -0.703391433, 3.52844882, -1.33494306, 1.0
.float -0.703391433, 3.44689226, -1.35679615, 1.0
.float -0.647569835, 3.45424128, -1.41261768, 1.0
.float -0.723823547, 3.48897696, -1.26657581, 1.0
.float -0.723823547, 3.43685341, -1.28054237, 1.0
.float -0.723823547, 1.5636282, -1.28054237, 1.0
.float -0.703391433, 1.55358922, -1.35679615, 1.0
.float -0.571316123, 3.45693135, -1.4330498, 1.0
.float -0.647569835, 1.54624021, -1.41261768, 1.0
.float 0.609294295, 3.45693135, -1.4330498, 1.0
.float -0.571316123, 1.54355025, -1.4330498, 1.0
.float 0.609294295, 1.54355025, -1.4330498, 1.0
.float -0.703391433, 1.47203279, -1.33494306, 1.0
.float -0.647569835, 1.44313741, -1.38499129, 1.0
.float -0.571316123, 1.43256092, -1.4033103, 1.0
.float 0.609294295, 1.43256092, -1.4033103, 1.0
.float 0.685548007, 1.44313741, -1.38499129, 1.0
.float 0.685548007, 1.54624021, -1.41261768, 1.0
.float -0.647569835, 1.36962986, -1.3114841, 1.0
.float -0.571316123, 1.35131121, -1.32206047, 1.0
.float 0.609294295, 1.35131121, -1.32206047, 1.0
.float -0.703391433, 1.41967821, -1.28258872, 1.0
.float -0.703391433, 1.39782524, -1.20103216, 1.0
.float -0.647569835, 1.34200358, -1.20838118, 1.0
.float -0.571316123, 1.32157159, -1.21107113, 1.0
.float -0.703391433, 1.39782524, -0.546844006, 1.0
.float -0.647569835, 1.34200358, -0.546844006, 1.0
.float -0.723823547, 1.47407901, -1.19099319, 1.0
.float -0.723823547, 1.47407901, -0.546844006, 1.0
.float -0.723823547, 1.48804545, -1.24311686, 1.0
.float -0.723823547, 3.52640247, -0.546844006, 1.0
.float -0.723823547, 3.52640247, -1.19099319, 1.0
.float -0.723823547, 3.51243615, -1.24311686, 1.0
.float -0.723823547, 1.51150465, -1.26657593, 1.0
.float -0.703391433, 3.60265636, -1.20103216, 1.0
.float -0.647569835, 3.65847802, -0.546844006, 1.0
.float -0.703391433, 3.60265636, -0.546844006, 1.0
.float -0.571316123, 3.67891002, -0.546844006, 1.0
.float 0.609294295, 3.67891002, -0.546844006, 1.0
.float 0.685548007, 3.65847802, -0.546844006, 1.0
.float 0.685548007, 3.65847802, -1.20838118, 1.0
.float 0.741369605, 3.58080339, -1.28258872, 1.0
.float 0.741369605, 3.60265636, -1.20103216, 1.0
.float 0.741369605, 3.60265636, -0.546844006, 1.0
.float 0.76180172, 3.51243615, -1.24311686, 1.0
.float 0.76180172, 3.52640247, -1.19099319, 1.0
.float 0.76180172, 3.48897696, -1.26657581, 1.0
.float 0.741369605, 3.52844882, -1.33494306, 1.0
.float 0.76180172, 3.43685341, -1.28054237, 1.0
.float 0.741369605, 3.44689226, -1.35679615, 1.0
.float 0.76180172, 1.48804545, -1.24311686, 1.0
.float 0.76180172, 1.51150465, -1.26657593, 1.0
.float 0.76180172, 1.5636282, -1.28054237, 1.0
.float 0.685548007, 3.45424128, -1.41261768, 1.0
.float 0.741369605, 1.55358922, -1.35679615, 1.0
.float 0.741369605, 1.47203279, -1.33494306, 1.0
.float 0.741369605, 1.41967821, -1.28258872, 1.0
.float 0.76180172, 1.47407901, -1.19099319, 1.0
.float 0.741369605, 1.39782524, -1.20103216, 1.0
.float 0.685548007, 1.36962986, -1.3114841, 1.0
.float 0.685548007, 1.34200358, -1.20838118, 1.0
.float 0.76180172, 1.47407901, -0.546844006, 1.0
.float 0.741369605, 1.39782524, -0.546844006, 1.0
.float 0.609294295, 1.32157159, -1.21107113, 1.0
.float 0.685548007, 1.34200358, -0.546844006, 1.0
.float 0.609294295, 1.32157159, -0.546844006, 1.0
.float -0.571316123, 1.32157159, -0.546844006, 1.0
.float 0.76180172, 3.52640247, -0.546844006, 1.0